0.05	0.00
0.10	8.86
0.15	7.25
0.23	6.73
0.30	6.27
0.36	6.24
0.39	6.94
0.44	7.03
0.46	7.55
0.49	8.02
0.51	8.39
0.54	8.77
0.56	9.11
0.58	9.42
0.61	9.70
0.63	9.96
0.66	10.20
0.68	10.42
0.70	10.63
0.73	10.82
0.75	11.00
0.78	11.16
0.80	11.32
0.82	11.46
0.85	11.60
0.87	11.73
0.90	11.85
0.92	11.96
0.94	12.07
0.97	12.17
0.99	12.27
1.02	12.36
1.04	12.45
1.06	12.54
1.09	12.62
1.11	12.69
1.14	12.77
1.16	12.84
1.18	12.90
1.21	12.97
1.23	13.03
1.26	13.09
1.28	13.14
1.30	13.20
1.33	13.25
1.35	13.30
1.38	13.35
1.40	13.40
1.42	13.44
1.45	13.49
1.47	13.53
1.50	13.57
1.52	13.61
1.54	13.65
1.57	13.69
1.59	13.72
1.62	13.76
1.64	13.79
1.66	13.82
1.69	13.86
1.71	13.89
1.74	13.92
1.76	13.95
1.78	13.97
1.81	14.00
1.83	14.03
1.86	14.06
1.88	14.08
1.90	14.11
1.93	14.13
1.95	14.15
1.98	14.18
2.00	14.20
2.02	14.22
2.05	14.24
2.07	14.26
2.10	14.28
2.12	14.30
2.14	14.32
2.17	14.34
2.19	14.36
2.22	14.38
2.24	14.40
2.26	14.41
2.29	14.43
2.31	14.45
2.34	14.46
2.36	14.48
2.38	14.50
2.41	14.51
2.43	14.53
2.46	14.54
2.48	14.56
2.50	14.57
2.53	14.58
2.55	14.60
2.58	14.61
2.60	14.62
2.62	14.64
2.65	14.65
2.67	14.66
2.70	14.67
2.72	14.68
2.74	14.70
2.77	14.71
2.79	14.72
2.82	14.73
2.84	14.74
2.86	14.75
2.89	14.76
2.91	14.77
2.94	14.78
2.96	14.79
2.98	14.80
3.01	14.81
3.03	14.82
3.06	14.83
3.08	14.84
3.10	14.85
3.13	14.86
3.15	14.87
3.18	14.88
3.20	14.89
3.22	14.89
3.25	14.90
3.27	14.91
3.30	14.92
3.32	14.93
3.34	14.93
3.37	14.94
3.39	14.95
3.42	14.96
3.44	14.96
3.46	14.97
3.49	14.98
3.51	14.99
3.54	14.99
3.56	15.00
3.58	15.01
3.61	15.01
3.63	15.02
3.66	15.03
3.68	15.03
3.70	15.04
3.73	15.05
3.75	15.05
3.78	15.06
3.80	15.06
3.82	15.07
3.85	15.08
3.87	15.08
3.90	15.09
3.92	15.09
3.94	15.10
3.97	15.10
3.99	15.11
4.02	15.11
4.04	15.12
4.06	15.13
4.09	15.13
4.11	15.14
4.14	15.14
4.16	15.15
4.18	15.15
4.21	15.16
4.23	15.16
4.26	15.17
4.28	15.17
4.30	15.17
4.33	15.18
4.35	15.18
4.38	15.19
4.40	15.19
4.42	15.20
4.45	15.20
4.47	15.21
4.50	15.21
4.52	15.21
4.54	15.22
4.57	15.22
4.59	15.23
4.62	15.23
4.64	15.24
4.66	15.24
4.69	15.24
4.71	15.25
4.74	15.25
4.76	15.25
4.78	15.26
4.81	15.26
4.83	15.27
4.86	15.27
4.88	15.27
4.90	15.28
4.93	15.28
4.95	15.28
4.98	15.29
5.00	15.29
5.02	15.29
5.05	15.30
5.07	15.30
5.10	15.30
5.12	15.31
5.14	15.31
5.17	15.31
5.19	15.32
5.22	15.32
5.24	15.32
5.26	15.33
5.29	15.33
5.31	15.33
5.34	15.34
5.36	15.34
5.38	15.34
5.41	15.34
5.43	15.35
5.46	15.35
5.48	15.35
5.50	15.36
5.53	15.36
5.55	15.36
5.58	15.36
5.60	15.37
5.62	15.37
5.65	15.37
5.67	15.38
5.70	15.38
5.72	15.38
5.74	15.38
5.77	15.39
5.79	15.39
5.82	15.39
5.84	15.39
5.86	15.40
5.89	15.40
5.91	15.40
5.94	15.40
5.96	15.41
5.98	15.41
6.01	15.41
6.03	15.41
6.06	15.42
6.08	15.42
6.10	15.42
6.13	15.42
6.15	15.42
6.18	15.43
6.20	15.43
6.22	15.43
6.25	15.43
6.27	15.44
6.30	15.44
6.32	15.44
6.34	15.44
6.37	15.44
6.39	15.45
6.42	15.45
6.44	15.45
6.46	15.45
6.49	15.45
6.51	15.46
6.54	15.46
6.56	15.46
6.58	15.46
6.61	15.46
6.63	15.47
6.66	15.47
6.68	15.47
6.70	15.47
6.73	15.47
6.75	15.48
6.78	15.48
6.80	15.48
6.82	15.48
6.85	15.48
6.87	15.49
6.90	15.49
6.92	15.49
6.94	15.49
6.97	15.49
6.99	15.49
7.02	15.50
7.04	15.50
7.06	15.50
7.09	15.50
7.11	15.50
7.14	15.50
7.16	15.51
7.18	15.51
7.21	15.51
7.23	15.51
7.26	15.51
7.28	15.51
7.30	15.52
7.33	15.52
7.35	15.52
7.38	15.52
7.40	15.52
7.42	15.52
7.45	15.53
7.47	15.53
7.50	15.53
7.52	15.53
7.54	15.53
7.57	15.53
7.59	15.53
7.62	15.54
7.64	15.54
7.66	15.54
7.69	15.54
7.71	15.54
7.74	15.54
7.76	15.54
7.78	15.55
7.81	15.55
7.83	15.55
7.86	15.55
7.88	15.55
7.90	15.55
7.93	15.55
7.95	15.56
7.98	15.56
8.00	15.56
8.02	15.56
8.05	15.56
8.07	15.56
8.10	15.56
8.12	15.56
8.14	15.57
8.17	15.57
8.19	15.57
8.22	15.57
8.24	15.57
8.26	15.57
8.29	15.57
8.31	15.58
8.34	15.58
8.36	15.58
8.38	15.58
8.41	15.58
8.43	15.58
8.46	15.58
8.48	15.58
8.50	15.58
8.53	15.59
8.55	15.59
8.58	15.59
8.60	15.59
8.62	15.59
8.65	15.59
8.67	15.59
8.70	15.59
8.72	15.60
8.74	15.60
8.77	15.60
8.79	15.60
8.82	15.60
8.84	15.60
8.86	15.60
8.89	15.60
8.91	15.60
8.94	15.60
8.96	15.61
8.98	15.61
9.01	15.61
9.03	15.61
9.06	15.61
9.08	15.61
9.10	15.61
9.13	15.61
9.15	15.61
9.18	15.62
9.20	15.62
9.22	15.62
9.25	15.62
9.27	15.62
9.30	15.62
9.32	15.62
9.34	15.62
9.37	15.62
9.39	15.62
9.42	15.63
9.44	15.63
9.46	15.63
9.49	15.63
9.51	15.63
9.54	15.63
9.56	15.63
9.58	15.63
9.61	15.63
9.63	15.63
9.66	15.63
9.68	15.64
9.70	15.64
9.73	15.64
9.75	15.64
9.78	15.64
9.80	15.64
9.82	15.64
9.85	15.64
9.87	15.64
9.90	15.64
9.92	15.64
9.94	15.65
9.97	15.65
9.99	15.65
10.02	15.65
10.04	15.65
10.06	15.65
10.09	15.65
10.11	15.65
10.14	15.65
10.16	15.65
10.18	15.65
10.21	15.65
10.23	15.66
10.26	15.66
10.28	15.66
10.30	15.66
10.33	15.66
10.35	15.66
10.38	15.66
10.40	15.66
10.42	15.66
10.45	15.66
10.47	15.66
10.50	15.66
10.52	15.66
10.54	15.67
10.57	15.67
10.59	15.67
10.62	15.67
10.64	15.67
10.66	15.67
10.69	15.67
10.71	15.67
10.74	15.67
10.76	15.67
10.78	15.67
10.81	15.67
10.83	15.67
10.86	15.68
10.88	15.68
10.90	15.68
10.93	15.68
10.95	15.68
10.98	15.68
11.00	15.68
11.02	15.68
11.05	15.68
11.07	15.68
11.10	15.68
11.12	15.68
11.14	15.68
11.17	15.68
11.19	15.68
11.22	15.69
11.24	15.69
11.26	15.69
11.29	15.69
11.31	15.69
11.34	15.69
11.36	15.69
11.38	15.69
11.41	15.69
11.43	15.69
11.46	15.69
11.48	15.69
11.50	15.69
11.53	15.69
11.55	15.69
11.58	15.70
11.60	15.70
11.62	15.70
11.65	15.70
11.67	15.70
11.70	15.70
11.72	15.70
11.74	15.70
11.77	15.70
11.79	15.70
11.82	15.70
11.84	15.70
11.86	15.70
11.89	15.70
11.91	15.70
11.94	15.70
11.96	15.71
11.98	15.71
12.01	15.71
12.03	15.71
12.06	15.71
12.08	15.71
12.10	15.71
12.13	15.71
12.15	15.71
12.18	15.71
12.20	15.71
12.22	15.71
12.25	15.71
12.27	15.71
12.30	15.71
12.32	15.71
12.34	15.71
12.37	15.72
12.39	15.72
12.42	15.72
12.44	15.72
12.46	15.72
12.49	15.72
12.51	15.72
12.54	15.72
12.56	15.72
12.58	15.72
12.61	15.72
12.63	15.72
12.66	15.72
12.68	15.72
12.70	15.72
12.73	15.72
12.75	15.72
12.78	15.72
12.80	15.72
12.82	15.73
12.85	15.73
12.87	15.73
12.90	15.73
12.92	15.73
12.94	15.73
12.97	15.73
12.99	15.73
13.02	15.73
13.04	15.73
13.06	15.73
13.09	15.73
13.11	15.73
13.14	15.73
13.16	15.73
13.18	15.73
13.21	15.73
13.23	15.73
13.26	15.73
13.28	15.73
13.30	15.74
13.33	15.74
13.35	15.74
13.38	15.74
13.40	15.74
13.42	15.74
13.45	15.74
13.47	15.74
13.50	15.74
13.52	15.74
13.54	15.74
13.57	15.74
13.59	15.74
13.62	15.74
13.64	15.74
13.66	15.74
13.69	15.74
13.71	15.74
13.74	15.74
13.76	15.74
13.78	15.74
13.81	15.74
13.83	15.75
13.86	15.75
13.88	15.75
13.90	15.75
13.93	15.75
13.95	15.75
13.98	15.75
14.00	15.75
14.02	15.75
14.05	15.75
14.07	15.75
14.10	15.75
14.12	15.75
14.14	15.75
14.17	15.75
14.19	15.75
14.22	15.75
14.24	15.75
14.26	15.75
14.29	15.75
14.31	15.75
14.34	15.75
14.36	15.75
14.38	15.76
14.41	15.76
14.43	15.76
14.46	15.76
14.48	15.76
14.50	15.76
14.53	15.76
14.55	15.76
14.58	15.76
14.60	15.76
14.62	15.76
14.65	15.76
14.67	15.76
14.70	15.76
14.72	15.76
14.74	15.76
14.77	15.76
14.79	15.76
14.82	15.76
14.84	15.76
14.86	15.76
14.89	15.76
14.91	15.76
14.94	15.76
14.96	15.76
14.98	15.76
15.01	15.77
15.03	15.77
15.06	15.77
15.08	15.77
15.10	15.77
15.13	15.77
15.15	15.77
15.18	15.77
15.20	15.77
15.22	15.77
15.25	15.77
15.27	15.77
15.30	15.77
15.32	15.77
15.34	15.77
15.37	15.77
15.39	15.77
15.42	15.77
15.44	15.77
15.46	15.77
15.49	15.77
15.51	15.77
15.54	15.77
15.56	15.77
15.58	15.77
15.61	15.77
15.63	15.77
15.66	15.78
15.68	15.78
15.70	15.78
15.73	15.78
15.75	15.78
15.78	15.78
15.80	15.78
15.82	15.78
15.85	15.78
15.87	15.78
15.90	15.78
15.92	15.78
15.94	15.78
15.97	15.78
15.99	15.78
16.02	15.78
16.04	15.78
16.06	15.78
16.09	15.78
16.11	15.78
16.14	15.78
16.16	15.78
16.18	15.78
16.21	15.78
16.23	15.78
16.26	15.78
16.28	15.78
16.30	15.78
16.33	15.78
16.35	15.78
16.38	15.78
16.40	15.79
16.42	15.79
16.45	15.79
16.47	15.79
16.50	15.79
16.52	15.79
16.54	15.79
16.57	15.79
16.59	15.79
16.62	15.79
16.64	15.79
16.66	15.79
16.69	15.79
16.71	15.79
16.74	15.79
16.76	15.79
16.78	15.79
16.81	15.79
16.83	15.79
16.86	15.79
16.88	15.79
16.90	15.79
16.93	15.79
16.95	15.79
16.98	15.79
17.00	15.79
17.02	15.79
17.05	15.79
17.07	15.79
17.10	15.79
17.12	15.79
17.14	15.79
17.17	15.79
17.19	15.80
17.22	15.80
17.24	15.80
17.26	15.80
17.29	15.80
17.31	15.80
17.34	15.80
17.36	15.80
17.38	15.80
17.41	15.80
17.43	15.80
17.46	15.80
17.48	15.80
17.50	15.80
17.53	15.80
17.55	15.80
17.58	15.80
17.60	15.80
17.62	15.80
17.65	15.80
17.67	15.80
17.70	15.80
17.72	15.80
17.74	15.80
17.77	15.80
17.79	15.80
17.82	15.80
17.84	15.80
17.86	15.80
17.89	15.80
17.91	15.80
17.94	15.80
17.96	15.80
17.98	15.80
18.01	15.80
18.03	15.80
18.06	15.81
18.08	15.81
18.10	15.81
18.13	15.81
18.15	15.81
18.18	15.81
18.20	15.81
18.22	15.81
18.25	15.81
18.27	15.81
18.30	15.81
18.32	15.81
18.34	15.81
18.37	15.81
18.39	15.81
18.42	15.81
18.44	15.81
18.46	15.81
18.49	15.81
18.51	15.81
18.54	15.81
18.56	15.81
18.58	15.81
18.61	15.81
18.63	15.81
18.66	15.81
18.68	15.81
18.70	15.81
18.73	15.81
18.75	15.81
18.78	15.81
18.80	15.81
18.82	15.81
18.85	15.81
18.87	15.81
18.90	15.81
18.92	15.81
18.94	15.81
18.97	15.81
18.99	15.81
19.02	15.81
19.04	15.82
19.06	15.82
19.09	15.82
19.11	15.82
19.14	15.82
19.16	15.82
19.18	15.82
19.21	15.82
19.23	15.82
19.26	15.82
19.28	15.82
19.30	15.82
19.33	15.82
19.35	15.82
19.38	15.82
19.40	15.82
19.42	15.82
19.45	15.82
19.47	15.82
19.50	15.82
19.52	15.82
19.54	15.82
19.57	15.82
19.59	15.82
19.62	15.82
19.64	15.82
19.66	15.82
19.69	15.82
19.71	15.82
19.74	15.82
19.76	15.82
19.78	15.82
19.81	15.82
19.83	15.82
19.86	15.82
19.88	15.82
19.90	15.82
19.93	15.82
19.95	15.82
19.98	15.82
20.00	15.82
20.02	15.82
20.05	15.82
20.07	15.82
20.10	15.82
20.12	15.83
20.14	15.83
20.17	15.83
20.19	15.83
20.22	15.83
20.24	15.83
20.26	15.83
20.29	15.83
20.31	15.83
20.34	15.83
20.36	15.83
20.38	15.83
20.41	15.83
20.43	15.83
20.46	15.83
20.48	15.83
20.50	15.83
20.53	15.83
20.55	15.83
20.58	15.83
20.60	15.83
20.62	15.83
20.65	15.83
20.67	15.83
20.70	15.83
20.72	15.83
20.74	15.83
20.77	15.83
20.79	15.83
20.82	15.83
20.84	15.83
20.86	15.83
20.89	15.83
20.91	15.83
20.94	15.83
20.96	15.83
20.98	15.83
21.01	15.83
21.03	15.83
21.06	15.83
21.08	15.83
21.10	15.83
21.13	15.83
21.15	15.83
21.18	15.83
21.20	15.83
21.22	15.83
21.25	15.83
21.27	15.83
21.30	15.83
21.32	15.83
21.34	15.84
21.37	15.84
21.39	15.84
21.42	15.84
21.44	15.84
21.46	15.84
21.49	15.84
21.51	15.84
21.54	15.84
21.56	15.84
21.58	15.84
21.61	15.84
21.63	15.84
21.66	15.84
21.68	15.84
21.70	15.84
21.73	15.84
21.75	15.84
21.78	15.84
21.80	15.84
21.82	15.84
21.85	15.84
21.87	15.84
21.90	15.84
21.92	15.84
21.94	15.84
21.97	15.84
21.99	15.84
22.02	15.84
22.04	15.84
22.06	15.84
22.09	15.84
22.11	15.84
22.14	15.84
22.16	15.84
22.18	15.84
22.21	15.84
22.23	15.84
22.26	15.84
22.28	15.84
22.30	15.84
22.33	15.84
22.35	15.84
22.38	15.84
22.40	15.84
22.42	15.84
22.45	15.84
22.47	15.84
22.50	15.84
22.52	15.84
22.54	15.84
22.57	15.84
22.59	15.84
22.62	15.84
22.64	15.84
22.66	15.84
22.69	15.84
22.71	15.85
22.74	15.85
22.76	15.85
22.78	15.85
22.81	15.85
22.83	15.85
22.86	15.85
22.88	15.85
22.90	15.85
22.93	15.85
22.95	15.85
22.98	15.85
23.00	15.85
23.02	15.85
23.05	15.85
23.07	15.85
23.10	15.85
23.12	15.85
23.14	15.85
23.17	15.85
23.19	15.85
23.22	15.85
23.24	15.85
23.26	15.85
23.29	15.85
23.31	15.85
23.34	15.85
23.36	15.85
23.38	15.85
23.41	15.85
23.43	15.85
23.46	15.85
23.48	15.85
23.50	15.85
23.53	15.85
23.55	15.85
23.58	15.85
23.60	15.85
23.62	15.85
23.65	15.85
23.67	15.85
23.70	15.85
23.72	15.85
23.74	15.85
23.77	15.85
23.79	15.85
23.82	15.85
23.84	15.85
23.86	15.85
23.89	15.85
23.91	15.85
23.94	15.85
23.96	15.85
23.98	15.85
24.01	15.85
24.03	15.85
24.06	15.85
24.08	15.85
24.10	15.85
24.13	15.85
24.15	15.85
24.18	15.85
24.20	15.85
24.22	15.85
24.25	15.85
24.27	15.86
24.30	15.86
24.32	15.86
24.34	15.86
24.37	15.86
24.39	15.86
24.42	15.86
24.44	15.86
24.46	15.86
24.49	15.86
24.51	15.86
24.54	15.86
24.56	15.86
24.58	15.86
24.61	15.86
24.63	15.86
24.66	15.86
24.68	15.86
24.70	15.86
24.73	15.86
24.75	15.86
24.78	15.86
24.80	15.86
24.82	15.86
24.85	15.86
24.87	15.86
24.90	15.86
24.92	15.86
24.94	15.86
24.97	15.86
24.99	15.86
25.02	15.86
25.04	15.86
25.06	15.86
25.09	15.86
25.11	15.86
25.14	15.86
25.16	15.86
25.18	15.86
25.21	15.86
25.23	15.86
25.26	15.86
25.28	15.86
25.30	15.86
25.33	15.86
25.35	15.86
25.38	15.86
25.40	15.86
25.42	15.86
25.45	15.86
25.47	15.86
25.50	15.86
25.52	15.86
25.54	15.86
25.57	15.86
25.59	15.86
25.62	15.86
25.64	15.86
25.66	15.86
25.69	15.86
25.71	15.86
25.74	15.86
25.76	15.86
25.78	15.86
25.81	15.86
25.83	15.86
25.86	15.86
25.88	15.86
25.90	15.86
25.93	15.86
25.95	15.86
25.98	15.86
26.00	15.86
26.02	15.86
26.05	15.86
26.07	15.87
26.10	15.87
26.12	15.87
26.14	15.87
26.17	15.87
26.19	15.87
26.22	15.87
26.24	15.87
26.26	15.87
26.29	15.87
26.31	15.87
26.34	15.87
26.36	15.87
26.38	15.87
26.41	15.87
26.43	15.87
26.46	15.87
26.48	15.87
26.50	15.87
26.53	15.87
26.55	15.87
26.58	15.87
26.60	15.87
26.62	15.87
26.65	15.87
26.67	15.87
26.70	15.87
26.72	15.87
26.74	15.87
26.77	15.87
26.79	15.87
26.82	15.87
26.84	15.87
26.86	15.87
26.89	15.87
26.91	15.87
26.94	15.87
26.96	15.87
26.98	15.87
27.01	15.87
27.03	15.87
27.06	15.87
27.08	15.87
27.10	15.87
27.13	15.87
27.15	15.87
27.18	15.87
27.20	15.87
27.22	15.87
27.25	15.87
27.27	15.87
27.30	15.87
27.32	15.87
27.34	15.87
27.37	15.87
27.39	15.87
27.42	15.87
27.44	15.87
27.46	15.87
27.49	15.87
27.51	15.87
27.54	15.87
27.56	15.87
27.58	15.87
27.61	15.87
27.63	15.87
27.66	15.87
27.68	15.87
27.70	15.87
27.73	15.87
27.75	15.87
27.78	15.87
27.80	15.87
27.82	15.87
27.85	15.87
27.87	15.87
27.90	15.87
27.92	15.87
27.94	15.87
27.97	15.87
27.99	15.87
28.02	15.87
28.04	15.87
28.06	15.87
28.09	15.87
28.11	15.87
28.14	15.88
28.16	15.88
28.18	15.88
28.21	15.88
28.23	15.88
28.26	15.88
28.28	15.88
28.30	15.88
28.33	15.88
28.35	15.88
28.38	15.88
28.40	15.88
28.42	15.88
28.45	15.88
28.47	15.88
28.50	15.88
28.52	15.88
28.54	15.88
28.57	15.88
28.59	15.88
28.62	15.88
28.64	15.88
28.66	15.88
28.69	15.88
28.71	15.88
28.74	15.88
28.76	15.88
28.78	15.88
28.81	15.88
28.83	15.88
28.86	15.88
28.88	15.88
28.90	15.88
28.93	15.88
28.95	15.88
28.98	15.88
29.00	15.88
29.02	15.88
29.05	15.88
29.07	15.88
29.10	15.88
29.12	15.88
29.14	15.88
29.17	15.88
29.19	15.88
29.22	15.88
29.24	15.88
29.26	15.88
29.29	15.88
29.31	15.88
29.34	15.88
29.36	15.88
29.38	15.88
29.41	15.88
29.43	15.88
29.46	15.88
29.48	15.88
29.50	15.88
29.53	15.88
29.55	15.88
29.58	15.88
29.60	15.88
29.62	15.88
29.65	15.88
29.67	15.88
29.70	15.88
29.72	15.88
29.74	15.88
29.77	15.88
29.79	15.88
29.82	15.88
29.84	15.88
29.86	15.88
29.89	15.88
29.91	15.88
29.94	15.88
29.96	15.88
29.98	15.88
30.01	15.88
30.03	15.88
30.06	15.88
30.08	15.88
30.10	15.88
30.13	15.88
30.15	15.88
30.18	15.88
30.20	15.88
30.22	15.88
30.25	15.88
30.27	15.88
30.30	15.88
30.32	15.88
30.34	15.88
30.37	15.88
30.39	15.88
30.42	15.88
30.44	15.88
30.46	15.88
30.49	15.88
30.51	15.88
30.54	15.88
30.56	15.88
30.58	15.89
30.61	15.89
30.63	15.89
30.66	15.89
30.68	15.89
30.70	15.89
30.73	15.89
30.75	15.89
30.78	15.89
30.80	15.89
30.82	15.89
30.85	15.89
30.87	15.89
30.90	15.89
30.92	15.89
30.94	15.89
30.97	15.89
30.99	15.89
31.02	15.89
31.04	15.89
31.06	15.89
31.09	15.89
31.11	15.89
31.14	15.89
31.16	15.89
31.18	15.89
31.21	15.89
31.23	15.89
31.26	15.89
31.28	15.89
31.30	15.89
31.33	15.89
31.35	15.89
31.38	15.89
31.40	15.89
31.42	15.89
31.45	15.89
31.47	15.89
31.50	15.89
31.52	15.89
31.54	15.89
31.57	15.89
31.59	15.89
31.62	15.89
31.64	15.89
31.64	15.90
31.66	15.90
31.69	15.90
31.71	15.90
31.74	15.90
31.76	15.90
31.78	15.90
31.81	15.90
31.83	15.90
31.86	15.90
31.88	15.90
31.90	15.90
31.93	15.90
31.95	15.90
31.98	15.90
32.00	15.90
32.02	15.90
32.05	15.90
32.07	15.90
32.10	15.90
32.12	15.90
32.14	15.90
32.17	15.90
32.19	15.90
32.22	15.90
32.24	15.90
32.26	15.90
32.29	15.90
32.31	15.90
32.34	15.90
32.36	15.90
32.38	15.91
32.41	15.91
32.43	15.91
32.46	15.91
32.48	15.91
32.50	15.91
32.53	15.91
32.55	15.91
32.58	15.91
32.60	15.91
32.62	15.91
32.65	15.91
32.67	15.91
32.70	15.91
32.72	15.91
32.74	15.91
32.77	15.91
32.79	15.91
32.82	15.91
32.84	15.91
32.86	15.91
32.89	15.91
32.91	15.91
32.94	15.91
32.96	15.91
32.98	15.91
33.01	15.91
33.03	15.91
33.06	15.91
33.08	15.91
33.10	15.91
33.13	15.91
33.15	15.91
33.18	15.91
33.20	15.91
33.22	15.91
33.25	15.91
33.27	15.91
33.30	15.91
33.32	15.91
33.34	15.91
33.37	15.91
33.39	15.91
33.42	15.91
33.44	15.91
33.46	15.91
33.49	15.91
33.51	15.91
33.54	15.91
33.56	15.91
33.58	15.91
33.61	15.91
33.63	15.91
33.66	15.91
33.68	15.91
33.70	15.91
33.73	15.91
33.75	15.91
33.78	15.91
33.80	15.91
33.82	15.91
33.85	15.91
33.87	15.91
33.90	15.91
33.92	15.91
33.94	15.91
33.97	15.91
33.99	15.91
34.02	15.91
34.04	15.91
34.06	15.91
34.09	15.91
34.11	15.91
34.14	15.91
34.16	15.91
34.18	15.91
34.21	15.91
34.23	15.91
34.26	15.91
34.28	15.91
34.30	15.91
34.33	15.91
34.35	15.91
34.38	15.91
34.40	15.91
34.42	15.91
34.45	15.91
34.47	15.91
34.50	15.91
34.52	15.91
34.54	15.91
34.57	15.91
34.59	15.91
34.62	15.91
34.64	15.91
34.66	15.91
34.69	15.91
34.71	15.91
34.74	15.91
34.76	15.91
34.78	15.91
34.81	15.91
34.83	15.91
34.86	15.91
34.88	15.91
34.90	15.91
34.93	15.91
34.95	15.91
34.98	15.91
35.00	15.91
35.02	15.91
35.05	15.91
35.07	15.91
35.10	15.91
35.12	15.91
35.14	15.91
35.17	15.91
35.19	15.91
35.22	15.91
35.24	15.91
35.26	15.91
35.29	15.91
35.31	15.91
35.34	15.91
35.36	15.91
35.38	15.91
35.41	15.91
35.43	15.91
35.46	15.91
35.48	15.91
35.50	15.91
35.53	15.91
35.55	15.91
35.58	15.91
35.60	15.91
35.62	15.91
35.65	15.91
35.67	15.91
35.70	15.91
35.72	15.91
35.74	15.91
35.77	15.91
35.79	15.91
35.82	15.91
35.84	15.91
35.86	15.91
35.89	15.91
35.91	15.91
35.94	15.91
35.96	15.91
35.98	15.91
36.01	15.91
36.03	15.91
36.06	15.91
36.08	15.91
36.10	15.91
36.13	15.91
36.15	15.91
36.18	15.92
36.20	15.92
36.22	15.92
36.25	15.92
36.27	15.92
36.30	15.92
36.32	15.92
36.34	15.92
36.37	15.92
36.39	15.92
36.42	15.92
36.44	15.92
36.46	15.92
36.49	15.92
36.51	15.92
36.54	15.92
36.56	15.92
36.58	15.92
36.61	15.92
36.63	15.92
36.66	15.92
36.68	15.92
36.70	15.92
36.73	15.92
36.75	15.92
36.78	15.92
36.80	15.92
36.82	15.92
36.85	15.92
36.87	15.92
36.90	15.92
36.92	15.92
36.94	15.92
36.97	15.92
36.99	15.92
37.02	15.92
37.04	15.92
37.06	15.92
37.09	15.92
37.11	15.92
37.14	15.92
37.16	15.92
37.18	15.92
37.21	15.92
37.23	15.92
37.26	15.92
37.28	15.92
37.30	15.92
37.33	15.92
37.35	15.92
37.38	15.92
37.40	15.92
37.42	15.92
37.45	15.92
37.47	15.92
37.50	15.92
37.52	15.92
37.54	15.92
37.57	15.92
37.59	15.92
37.62	15.92
37.64	15.92
37.66	15.92
37.69	15.92
37.71	15.92
37.74	15.92
37.76	15.92
37.78	15.92
37.81	15.92
37.83	15.92
37.86	15.92
37.88	15.92
37.90	15.92
37.93	15.92
37.95	15.92
37.98	15.92
38.00	15.92
38.02	15.92
38.05	15.92
38.07	15.92
38.10	15.92
38.12	15.92
38.14	15.92
38.17	15.92
38.19	15.92
38.22	15.92
38.24	15.92
38.26	15.92
38.29	15.92
38.31	15.92
38.34	15.92
38.36	15.92
38.38	15.92
38.41	15.92
38.43	15.92
38.46	15.92
38.48	15.92
38.50	15.92
38.53	15.92
38.55	15.92
38.58	15.92
38.60	15.92
38.62	15.92
38.65	15.92
38.67	15.92
38.70	15.92
38.72	15.92
38.74	15.92
38.77	15.92
38.79	15.92
38.82	15.92
38.84	15.92
38.86	15.92
38.89	15.92
38.91	15.92
38.94	15.92
38.96	15.92
38.98	15.92
39.01	15.92
39.03	15.92
39.06	15.92
39.08	15.92
39.10	15.92
39.13	15.92
39.15	15.92
39.18	15.92
39.20	15.92
39.22	15.92
39.25	15.92
39.27	15.92
39.30	15.92
39.32	15.92
39.34	15.92
39.37	15.92
39.39	15.92
39.42	15.92
39.44	15.92
39.46	15.92
39.49	15.92
39.51	15.92
39.54	15.92
39.56	15.92
39.58	15.92
39.61	15.92
39.63	15.92
39.66	15.92
39.68	15.92
39.70	15.92
39.73	15.92
39.75	15.92
39.78	15.92
39.80	15.92
39.82	15.92
39.85	15.92
39.87	15.92
39.90	15.92
39.92	15.92
39.94	15.92
39.97	15.92
39.99	15.92
40.02	15.92
40.04	15.92
40.06	15.92
40.09	15.92
40.11	15.92
40.14	15.92
40.16	15.92
40.18	15.92
40.21	15.92
40.23	15.92
40.26	15.92
40.28	15.92
40.30	15.92
40.33	15.92
40.35	15.92
40.38	15.92
40.40	15.92
40.42	15.92
40.45	15.92
40.47	15.92
40.50	15.92
40.52	15.92
40.54	15.92
40.57	15.92
40.59	15.92
40.62	15.92
40.64	15.92
40.66	15.92
40.69	15.92
40.71	15.92
40.74	15.92
40.76	15.92
40.78	15.92
40.81	15.92
40.83	15.92
40.86	15.92
40.88	15.92
40.90	15.92
40.93	15.92
40.95	15.92
40.98	15.92
41.00	15.93
41.02	15.93
41.05	15.93
41.07	15.93
41.10	15.93
41.12	15.93
41.14	15.93
41.17	15.93
41.19	15.93
41.22	15.93
41.24	15.93
41.26	15.93
41.29	15.93
41.31	15.93
41.34	15.93
41.36	15.93
41.38	15.93
41.41	15.93
41.43	15.93
41.46	15.93
41.48	15.93
41.50	15.93
41.53	15.93
41.55	15.93
41.58	15.93
41.60	15.93
41.62	15.93
41.65	15.93
41.67	15.93
41.70	15.93
41.72	15.93
41.74	15.93
41.77	15.93
41.79	15.93
41.82	15.93
41.84	15.93
41.86	15.93
41.89	15.93
41.91	15.93
41.94	15.93
41.96	15.93
41.98	15.93
42.01	15.93
42.03	15.93
42.06	15.93
42.08	15.93
42.10	15.93
42.13	15.93
42.15	15.93
42.18	15.93
42.20	15.93
42.22	15.93
42.25	15.93
42.27	15.93
42.30	15.93
42.32	15.93
42.34	15.93
42.37	15.93
42.39	15.93
42.42	15.93
42.44	15.93
42.46	15.93
42.49	15.93
42.51	15.93
42.54	15.93
42.56	15.93
42.58	15.93
42.61	15.93
42.63	15.93
42.66	15.93
42.68	15.93
42.70	15.93
42.73	15.93
42.75	15.93
42.78	15.93
42.80	15.93
42.82	15.93
42.85	15.93
42.87	15.93
42.90	15.93
42.92	15.93
42.94	15.93
42.97	15.93
42.99	15.93
43.02	15.93
43.04	15.93
43.06	15.93
43.09	15.93
43.11	15.93
43.14	15.93
43.16	15.93
43.18	15.93
43.21	15.93
43.23	15.93
43.26	15.93
43.28	15.93
43.30	15.93
43.33	15.93
43.35	15.93
43.38	15.93
43.40	15.93
43.42	15.93
43.45	15.93
43.47	15.93
43.50	15.93
43.52	15.93
43.54	15.93
43.57	15.93
43.59	15.93
43.62	15.93
43.64	15.93
43.66	15.93
43.69	15.93
43.71	15.93
43.74	15.93
43.76	15.93
43.78	15.93
43.81	15.93
43.83	15.93
43.86	15.93
43.88	15.93
43.90	15.93
43.93	15.93
43.95	15.93
43.98	15.93
44.00	15.93
44.02	15.93
44.05	15.93
44.07	15.93
44.10	15.93
44.12	15.93
44.14	15.93
44.17	15.93
44.19	15.93
44.22	15.93
44.24	15.93
44.26	15.93
44.29	15.93
44.31	15.93
44.34	15.93
44.36	15.93
44.38	15.93
44.41	15.93
44.43	15.93
44.46	15.93
44.48	15.93
44.50	15.93
44.53	15.93
44.55	15.93
44.58	15.93
44.60	15.93
44.62	15.93
44.65	15.93
44.67	15.93
44.70	15.93
44.72	15.93
44.74	15.93
44.77	15.93
44.79	15.93
44.82	15.93
44.84	15.93
44.86	15.93
44.89	15.93
44.91	15.93
44.94	15.93
44.96	15.93
44.98	15.93
45.01	15.93
45.03	15.93
45.06	15.93
45.08	15.93
45.10	15.93
45.13	15.93
45.15	15.93
45.18	15.93
45.20	15.93
45.22	15.93
45.25	15.93
45.27	15.93
45.30	15.93
45.32	15.93
45.34	15.93
45.37	15.93
45.39	15.93
45.42	15.93
45.44	15.93
45.46	15.93
45.49	15.93
45.51	15.93
45.54	15.93
45.56	15.93
45.58	15.93
45.61	15.93
45.63	15.93
45.66	15.93
45.68	15.93
45.70	15.93
45.73	15.93
45.75	15.93
45.78	15.93
45.80	15.93
45.82	15.93
45.85	15.93
45.87	15.93
45.90	15.93
45.92	15.93
45.94	15.93
45.97	15.93
45.99	15.93
46.02	15.93
46.04	15.93
46.06	15.93
46.09	15.93
46.11	15.93
46.14	15.93
46.16	15.93
46.18	15.93
46.21	15.93
46.23	15.93
46.26	15.93
46.28	15.93
46.30	15.93
46.33	15.93
46.35	15.93
46.38	15.93
46.40	15.93
46.42	15.93
46.45	15.93
46.47	15.93
46.50	15.93
46.52	15.93
46.54	15.93
46.57	15.93
46.59	15.93
46.62	15.93
46.64	15.93
46.66	15.93
46.69	15.93
46.71	15.93
46.74	15.93
46.76	15.93
46.78	15.93
46.81	15.93
46.83	15.93
46.86	15.93
46.88	15.93
46.90	15.93
46.93	15.93
46.95	15.93
46.98	15.93
47.00	15.93
47.02	15.93
47.05	15.93
47.07	15.93
47.10	15.93
47.12	15.93
47.14	15.93
47.17	15.93
47.19	15.93
47.22	15.93
47.24	15.93
47.26	15.93
47.29	15.94
47.31	15.94
47.34	15.94
47.36	15.94
47.38	15.94
47.41	15.94
47.43	15.94
47.46	15.94
47.48	15.94
47.50	15.94
47.53	15.94
47.55	15.94
47.58	15.94
47.60	15.94
47.62	15.94
47.65	15.94
47.67	15.94
47.70	15.94
47.72	15.94
47.74	15.94
47.77	15.94
47.79	15.94
47.82	15.94
47.84	15.94
47.86	15.94
47.89	15.94
47.91	15.94
47.94	15.94
47.96	15.94
47.98	15.94
48.01	15.94
48.03	15.94
48.06	15.94
48.08	15.94
48.10	15.94
48.13	15.94
48.15	15.94
48.18	15.94
48.20	15.94
48.22	15.94
48.25	15.94
48.27	15.94
48.30	15.94
48.32	15.94
48.34	15.94
48.37	15.94
48.39	15.94
48.42	15.94
48.44	15.94
48.46	15.94
48.49	15.94
48.51	15.94
48.54	15.94
48.56	15.94
48.58	15.94
48.61	15.94
48.63	15.94
48.66	15.94
48.68	15.94
48.70	15.94
48.73	15.94
48.75	15.94
48.78	15.94
48.80	15.94
48.82	15.94
48.85	15.94
48.87	15.94
48.90	15.94
48.92	15.94
48.94	15.94
48.97	15.94
48.99	15.94
49.02	15.94
49.04	15.94
49.06	15.94
49.09	15.94
49.11	15.94
49.14	15.94
49.16	15.94
49.18	15.94
49.21	15.94
49.23	15.94
49.26	15.94
49.28	15.94
49.30	15.94
49.33	15.94
49.35	15.94
49.38	15.94
49.40	15.94
49.42	15.94
49.45	15.94
49.47	15.94
49.50	15.94
49.52	15.94
49.54	15.94
49.57	15.94
49.59	15.94
49.62	15.94
49.64	15.94
49.66	15.94
49.69	15.94
49.71	15.94
49.74	15.94
49.76	15.94
49.78	15.94
49.81	15.94
49.83	15.94
49.86	15.94
49.88	15.94
49.90	15.94
49.93	15.94
49.95	15.94
49.98	15.94