3.79	0.00
3.90	4.05
4.01	3.77
4.01	5.50
4.12	4.83
4.12	6.08
4.12	7.23
4.23	6.31
4.23	7.17
4.23	8.03
4.23	8.89
4.34	7.83
4.34	8.51
4.34	9.20
4.34	9.89
4.34	10.57
4.34	11.26
4.45	10.00
4.45	10.62
4.45	11.24
4.45	11.86
4.45	12.53
4.45	13.19
4.46	13.86
4.46	14.57
4.56	13.17
4.56	13.74
4.56	14.31
4.56	14.88
4.56	15.45
4.67	14.13
4.67	14.60
4.67	15.08
4.67	15.61
4.77	14.57
4.77	15.13
4.77	15.61
4.77	16.03
4.77	16.47
4.90	15.04
4.90	15.44
4.90	15.84
4.90	16.19
5.00	15.18
5.00	15.52
5.01	15.75
5.11	14.81
5.11	15.09
5.12	15.31
5.13	15.52
5.22	14.79
5.22	15.12
5.23	15.37
5.32	14.70
5.32	14.99
5.32	15.25
5.32	15.54
5.33	15.75
5.33	16.02
5.43	15.25
5.43	15.48
5.43	15.72
5.44	15.92
5.44	16.17
5.54	15.46
5.54	15.73
5.54	16.00
5.54	16.25
5.54	16.50
5.54	16.73
5.65	15.99
5.65	16.19
5.65	16.39
5.65	16.59
5.65	16.79
5.65	16.99
5.69	16.91
5.76	16.46
5.76	16.64
5.76	16.83
5.76	17.02
5.76	17.21
5.77	17.40
5.80	17.32
5.87	16.89
5.87	17.10
5.87	17.31
5.87	17.50
5.87	17.70
5.88	17.90
5.91	17.80
5.91	18.01
5.98	17.59
5.98	17.79
5.98	17.98
5.98	18.16
5.98	18.35
6.02	18.27
6.02	18.48
6.09	18.07
6.09	18.26
6.09	18.45
6.09	18.63
6.09	18.80
6.13	18.72
6.13	18.90
6.13	19.09
6.20	18.68
6.20	18.85
6.20	19.00
6.20	19.15
6.24	19.05
6.24	19.23
6.24	19.41
6.24	19.59
6.31	19.20
6.31	19.38
6.31	19.55
6.31	19.73
6.35	19.63
6.42	19.25
6.42	19.39
6.44	19.41
6.48	19.30
6.53	19.04
6.53	19.19
6.55	19.22
6.59	19.11
6.59	19.24
6.64	19.01
6.64	19.15
6.66	19.16
6.70	19.05
6.70	19.18
6.75	18.96
6.75	19.10
6.77	19.12
6.81	19.00
6.81	19.14
6.81	19.27
6.86	19.07
6.86	19.20
6.88	19.21
6.92	19.11
6.92	19.23
6.92	19.34
6.97	19.14
6.97	19.27
6.99	19.28
7.02	19.19
7.02	19.32
7.03	19.45
7.03	19.58
7.08	19.39
7.08	19.52
7.08	19.65
7.10	19.67
7.12	19.69
7.13	19.69
7.13	19.81
7.14	19.91
7.19	19.71
7.19	19.84
7.21	19.86
7.23	19.89
7.24	19.90
7.24	20.02
7.25	20.13
7.25	20.25
7.30	20.06
7.30	20.18
7.30	20.31
7.36	20.10
7.36	20.21
7.41	20.01
7.41	20.12
7.41	20.23
7.47	20.04
7.47	20.15
7.52	19.96
7.52	20.06
7.52	20.16
7.52	20.26
7.58	20.07
7.58	20.17
7.63	19.99
7.63	20.09
7.63	20.20
7.63	20.30
7.69	20.13
7.74	19.96
7.74	20.06
7.74	20.17
7.74	20.27
7.74	20.37
7.80	20.20
7.85	20.02
7.85	20.11
7.85	20.20
7.85	20.29
7.86	20.38
7.91	20.22
7.96	20.05
7.96	20.15
7.96	20.26
7.96	20.36
7.96	20.45
7.96	20.55
8.07	20.12
8.07	20.21
8.07	20.30
8.07	20.38
8.08	20.47
8.13	20.32
8.14	20.33
8.16	20.33
8.18	20.34
8.18	20.44
8.18	20.54
8.18	20.63
8.18	20.73
8.18	20.82
8.29	20.42
8.29	20.51
8.29	20.61
8.29	20.70
8.30	20.78
8.40	20.39
8.40	20.47
8.40	20.56
8.40	20.64
8.41	20.73
8.47	20.52
8.51	20.43
8.51	20.51
8.52	20.60
8.52	20.68
8.52	20.77
8.58	20.55
8.62	20.48
8.62	20.57
8.62	20.65
8.62	20.73
8.62	20.81
8.73	20.45
8.73	20.53
8.73	20.61
8.73	20.69
8.84	20.33
8.84	20.40
8.84	20.48
8.85	20.55
8.95	20.21
8.95	20.28
8.95	20.35
8.96	20.41
8.97	20.44
9.06	20.16
9.06	20.23
9.06	20.31
9.07	20.37
9.08	20.39
9.17	20.13
9.17	20.21
9.17	20.28
9.18	20.34
9.18	20.42
9.27	20.15
9.28	20.23
9.28	20.30
9.29	20.32
9.29	20.39
9.29	20.45
9.38	20.19
9.39	20.25
9.39	20.33
9.40	20.35
9.40	20.42
9.40	20.49
9.49	20.23
9.50	20.30
9.50	20.37
9.51	20.39
9.51	20.46
9.51	20.53
9.53	20.56
9.60	20.35
9.61	20.41
9.61	20.47
9.62	20.49
9.62	20.55
9.62	20.61
9.64	20.63
9.72	20.43
9.72	20.48
9.72	20.55
9.73	20.56
9.73	20.64
9.73	20.71
9.73	20.78
9.74	20.84
9.83	20.60
9.83	20.68
9.83	20.76
9.83	20.83
9.83	20.88
9.83	20.96
9.84	21.03
9.84	21.10
9.84	21.17
9.93	20.92
9.93	21.00
9.93	21.06
9.94	21.09
9.94	21.15
9.95	21.22
9.95	21.28
9.95	21.34
10.04	21.10
10.06	21.11
10.06	21.16
10.10	21.08
10.15	20.99
10.15	21.06
10.17	21.06
10.17	21.13
10.26	20.91
10.26	20.97
10.28	20.97
10.28	21.03
10.37	20.81
10.39	20.80
10.39	20.86
10.39	20.93
10.39	20.99
10.48	20.77
10.49	20.80
10.49	20.86
10.49	20.91
10.49	20.97
10.58	20.77
10.60	20.75
10.60	20.80
10.60	20.85
10.61	20.91
10.69	20.71
10.71	20.70
10.71	20.75
10.72	20.80
10.72	20.86
10.72	20.91
10.82	20.65
10.82	20.70
10.83	20.75
10.83	20.80
10.83	20.86
10.83	20.91
10.93	20.65
10.94	20.70
10.94	20.75
10.94	20.81
10.94	20.87
10.94	20.92
10.94	20.98
10.94	21.04
11.04	20.79
11.04	20.86
11.04	20.91
11.04	20.97
11.05	21.02
11.05	21.08
11.05	21.14
11.15	20.89
11.15	20.94
11.15	20.99
11.15	21.05
11.16	21.10
11.16	21.15
11.16	21.21
11.26	20.98
11.26	21.04
11.26	21.10
11.26	21.15
11.26	21.19
11.26	21.24
11.26	21.29
11.27	21.33
11.37	21.10
11.37	21.15
11.37	21.20
11.37	21.25
11.37	21.29
11.37	21.34
11.37	21.39
11.38	21.43
11.48	21.20
11.48	21.25
11.48	21.30
11.48	21.35
11.48	21.39
11.48	21.43
11.48	21.48
11.48	21.53
11.49	21.57
11.59	21.34
11.59	21.40
11.59	21.46
11.59	21.52
11.59	21.58
11.59	21.63
11.59	21.69
11.69	21.48
11.69	21.53
11.69	21.58
11.69	21.62
11.69	21.67
11.69	21.71
11.69	21.76
11.70	21.78
11.70	21.83
11.71	21.87
11.80	21.67
11.80	21.71
11.80	21.76
11.80	21.81
11.80	21.86
11.80	21.91
11.80	21.96
11.81	21.99
11.81	22.04
11.81	22.08
11.90	21.89
11.90	21.94
11.91	21.96
11.91	22.01
11.91	22.07
11.91	22.12
11.91	22.17
11.92	22.22
11.92	22.27
11.92	22.31
12.01	22.12
12.01	22.17
12.02	22.18
12.02	22.22
12.02	22.27
12.02	22.31
12.02	22.36
12.03	22.40
12.03	22.44
12.03	22.48
12.12	22.29
12.12	22.33
12.13	22.34
12.13	22.39
12.13	22.44
12.13	22.49
12.13	22.54
12.13	22.58
12.14	22.63
12.14	22.68
12.14	22.72
12.23	22.53
12.23	22.57
12.24	22.58
12.24	22.63
12.24	22.67
12.24	22.71
12.24	22.76
12.24	22.80
12.25	22.84
12.25	22.89
12.25	22.93
12.26	22.94
12.34	22.79
12.34	22.84
12.35	22.87
12.35	22.92
12.35	22.95
12.35	23.00
12.35	23.05
12.35	23.09
12.36	23.13
12.36	23.18
12.36	23.22
12.45	23.03
12.45	23.08
12.45	23.12
12.45	23.17
12.45	23.21
12.46	23.22
12.46	23.28
12.46	23.33
12.46	23.38
12.47	23.42
12.47	23.47
12.47	23.51
12.47	23.56
12.56	23.36
12.56	23.41
12.56	23.45
12.56	23.49
12.56	23.54
12.57	23.54
12.57	23.59
12.57	23.63
12.58	23.67
12.58	23.71
12.58	23.75
12.58	23.79
12.66	23.61
12.66	23.65
12.67	23.69
12.67	23.73
12.67	23.77
12.67	23.81
12.68	23.82
12.68	23.86
12.68	23.90
12.69	23.94
12.69	23.99
12.69	24.03
12.69	24.08
12.71	24.07
12.72	24.08
12.77	23.99
12.78	24.02
12.78	24.07
12.78	24.11
12.78	24.16
12.78	24.20
12.79	24.21
12.79	24.26
12.79	24.30
12.89	24.10
12.89	24.14
12.89	24.19
12.89	24.23
12.90	24.24
12.90	24.29
12.91	24.34
12.91	24.38
13.00	24.19
13.00	24.23
13.00	24.27
13.00	24.31
13.01	24.33
13.02	24.38
13.02	24.43
13.02	24.47
13.11	24.28
13.11	24.33
13.11	24.37
13.11	24.41
13.13	24.42
13.13	24.46
13.13	24.50
13.13	24.54
13.22	24.34
13.22	24.39
13.22	24.43
13.22	24.47
13.23	24.50
13.23	24.54
13.23	24.58
13.24	24.62
13.29	24.52
13.33	24.48
13.33	24.53
13.33	24.57
13.35	24.57
13.44	24.38
13.44	24.42
13.44	24.45
13.46	24.46
13.49	24.40
13.51	24.40
13.55	24.34
13.55	24.38
13.55	24.41
13.57	24.41
13.57	24.46
13.57	24.49
13.60	24.45
13.62	24.45
13.66	24.39
13.66	24.44
13.66	24.48
13.66	24.51
13.67	24.54
13.67	24.58
13.68	24.59
13.71	24.55
13.76	24.47
13.76	24.51
13.76	24.55
13.76	24.59
13.77	24.61
13.77	24.65
13.78	24.68
13.79	24.69
13.85	24.58
13.87	24.57
13.87	24.61
13.87	24.65
13.88	24.67
13.88	24.71
13.89	24.74
13.90	24.76
13.94	24.69
13.96	24.69
13.98	24.68
13.98	24.72
13.99	24.76
13.99	24.79
13.99	24.83
13.99	24.86
13.99	24.90
14.05	24.79
14.07	24.78
14.10	24.76
14.10	24.80
14.10	24.83
14.10	24.87
14.10	24.91
14.10	24.94
14.16	24.83
14.18	24.82
14.19	24.83
14.21	24.84
14.21	24.88
14.21	24.91
14.21	24.94
14.21	24.98
14.21	25.01
14.21	25.05
14.24	25.03
14.27	24.97
14.29	24.98
14.30	24.98
14.32	24.98
14.32	25.02
14.32	25.05
14.32	25.09
14.32	25.13
14.32	25.18
14.32	25.22
14.33	25.25
14.35	25.24
14.38	25.20
14.40	25.20
14.41	25.19
14.42	25.21
14.42	25.25
14.42	25.29
14.43	25.33
14.43	25.37
14.43	25.40
14.43	25.44
14.44	25.45
14.46	25.44
14.49	25.41
14.51	25.40
14.52	25.41
14.52	25.44
14.53	25.44
14.53	25.48
14.54	25.51
14.54	25.55
14.54	25.58
14.54	25.62
14.54	25.65
14.55	25.66
14.56	25.66
14.60	25.61
14.63	25.57
14.64	25.57
14.65	25.61
14.65	25.64
14.65	25.68
14.65	25.71
14.65	25.75
14.65	25.77
14.67	25.76
14.70	25.73
14.74	25.67
14.75	25.70
14.75	25.74
14.75	25.78
14.75	25.81
14.75	25.85
14.75	25.87
14.76	25.91
14.77	25.93
14.78	25.92
14.81	25.90
14.84	25.87
14.85	25.87
14.86	25.90
14.86	25.94
14.86	25.97
14.86	26.01
14.86	26.04
14.97	25.83
14.97	25.87
14.97	25.90
14.97	25.94
14.97	25.98
14.97	26.01
15.07	25.82
15.07	25.86
15.07	25.90
15.07	25.94
15.08	25.98
15.08	26.02
15.16	25.86
15.17	25.88
15.17	25.92
15.17	25.96
15.18	25.99
15.18	26.03
15.28	25.83
15.29	25.86
15.29	25.90
15.30	25.92
15.39	25.74
15.40	25.77
15.41	25.79
15.51	25.60
15.52	25.62
15.62	25.43
15.63	25.45
15.63	25.48
15.63	25.52
15.73	25.33
15.73	25.36
15.73	25.40
15.73	25.43
15.84	25.24
15.84	25.27
15.84	25.30
15.84	25.33
15.95	25.13
15.95	25.17
15.95	25.20
15.95	25.23
15.95	25.26
16.06	25.07
16.06	25.10
16.06	25.13
16.06	25.16
16.06	25.19
16.17	25.00
16.17	25.03
16.17	25.06
16.17	25.09
16.17	25.12
16.17	25.15
16.28	24.96
16.28	24.99
16.28	25.02
16.28	25.05
16.28	25.08
16.29	25.11
16.39	24.93
16.39	24.96
16.39	24.99
16.39	25.03
16.39	25.06
16.40	25.09
16.50	24.91
16.50	24.94
16.50	24.98
16.51	25.01
16.61	24.84
16.61	24.87
16.61	24.90
16.61	24.94
16.72	24.76
16.72	24.79
16.72	24.81
16.73	24.84
16.83	24.67
16.83	24.70
16.83	24.73
16.83	24.76
16.94	24.59
16.94	24.62
16.94	24.65
16.94	24.68
16.94	24.71
17.05	24.54
17.05	24.57
17.05	24.60
17.05	24.63
17.05	24.66
17.06	24.69
17.16	24.52
17.16	24.55
17.16	24.58
17.17	24.62
17.17	24.65
17.27	24.48
17.27	24.52
17.28	24.55
17.28	24.58
17.38	24.41
17.39	24.44
17.39	24.47
17.39	24.50
17.50	24.34
17.50	24.36
17.50	24.39
17.50	24.42
17.61	24.25
17.61	24.28
17.61	24.31
17.61	24.34
17.61	24.37
17.72	24.20
17.72	24.23
17.72	24.26
17.72	24.29
17.72	24.32
17.83	24.16
17.83	24.19
17.83	24.22
17.83	24.25
17.85	24.24
17.94	24.12
17.95	24.12
18.04	24.01
18.05	24.02
18.12	23.93
18.15	23.91
18.15	23.92
18.16	23.95
18.22	23.86
18.26	23.83
18.27	23.85
18.27	23.87
18.33	23.79
18.37	23.76
18.38	23.78
18.38	23.80
18.39	23.81
18.49	23.68
18.52	23.66
18.57	23.60
18.59	23.59
18.63	23.56
18.68	23.50
18.70	23.50
18.70	23.53
18.72	23.53
18.74	23.52
18.79	23.46
18.81	23.46
18.81	23.49
18.81	23.51
18.83	23.51
18.85	23.51
18.92	23.42
18.92	23.44
18.92	23.47
18.94	23.47
18.96	23.46
19.01	23.41
19.03	23.40
19.03	23.43
19.03	23.46
19.12	23.35
19.14	23.34
19.14	23.37
19.14	23.39
19.14	23.41
19.16	23.42
19.18	23.41
19.25	23.33
19.25	23.35
19.25	23.37
19.25	23.39
19.25	23.42
19.27	23.42
19.29	23.42
19.36	23.33
19.36	23.36
19.36	23.39
19.36	23.42
19.36	23.44
19.36	23.47
19.38	23.47
19.40	23.47
19.47	23.38
19.47	23.40
19.47	23.43
19.47	23.45
19.47	23.48
19.47	23.50
19.49	23.50
19.58	23.39
19.58	23.41
19.58	23.44
19.58	23.46
19.58	23.48
19.58	23.51
19.58	23.53
19.69	23.40
19.69	23.42
19.69	23.45
19.69	23.48
19.69	23.50
19.69	23.53
19.69	23.55
19.80	23.42
19.80	23.44
19.80	23.47
19.80	23.50
19.80	23.52
19.80	23.55
19.80	23.57
19.82	23.58
19.83	23.58
19.87	23.55
19.91	23.52
19.91	23.54
19.91	23.56
19.91	23.59
19.91	23.61
19.91	23.63
19.91	23.66
19.93	23.66
20.02	23.55
20.02	23.57
20.02	23.59
20.02	23.62
20.02	23.64
20.02	23.66
20.03	23.68
20.03	23.71
20.04	23.71
20.13	23.60
20.13	23.62
20.13	23.65
20.13	23.67
20.13	23.70
20.14	23.72
20.14	23.75
20.14	23.77
20.15	23.78
20.24	23.67
20.24	23.70
20.24	23.72
20.24	23.75
20.26	23.75
20.35	23.65
20.35	23.67
20.35	23.70
20.36	23.71
20.45	23.61
20.45	23.64
20.45	23.66
20.46	23.67
20.46	23.69
20.47	23.71
20.56	23.60
20.56	23.62
20.56	23.64
20.57	23.65
20.57	23.67
20.57	23.69
20.58	23.71
20.67	23.60
20.67	23.62
20.68	23.63
20.68	23.65
20.68	23.68
20.69	23.70
20.69	23.71
20.78	23.61
20.78	23.63
20.79	23.64
20.79	23.66
20.80	23.68
20.80	23.71
20.80	23.73
20.80	23.75
20.89	23.64
20.90	23.65
20.90	23.68
20.90	23.71
20.91	23.74
20.91	23.77
20.91	23.80
20.91	23.83
21.00	23.74
21.01	23.75
21.01	23.77
21.01	23.80
21.01	23.83
21.01	23.85
21.12	23.73
21.12	23.75
21.13	23.77
21.13	23.79
21.23	23.67
21.23	23.69
21.24	23.71
21.24	23.73
21.24	23.75
21.34	23.63
21.34	23.66
21.35	23.67
21.35	23.69
21.35	23.71
21.35	23.74
21.44	23.63
21.44	23.66
21.46	23.66
21.46	23.69
21.46	23.71
21.46	23.73
21.55	23.64
21.55	23.66
21.56	23.67
21.56	23.69
21.57	23.70
21.57	23.72
21.65	23.64
21.65	23.66
21.67	23.67
21.67	23.69
21.67	23.72
21.68	23.73
21.68	23.75
21.68	23.77
21.76	23.69
21.76	23.72
21.78	23.72
21.78	23.74
21.79	23.75
21.79	23.77
21.79	23.78
21.87	23.70
21.87	23.73
21.89	23.72
21.89	23.75
21.90	23.76
21.90	23.78
21.90	23.80
21.98	23.72
21.98	23.74
22.01	23.72
22.01	23.75
22.09	23.67
22.09	23.69
22.10	23.69
22.12	23.69
22.12	23.71
22.14	23.71
22.20	23.66
22.23	23.64
22.30	23.57
22.34	23.54
22.34	23.57
22.41	23.50
22.44	23.49
22.45	23.49
22.45	23.51
22.52	23.45
22.56	23.42
22.56	23.44
22.56	23.47
22.64	23.40
22.67	23.38
22.67	23.40
22.75	23.33
22.76	23.33
22.78	23.33
22.78	23.35
22.89	23.23
22.91	23.23
22.96	23.19
23.00	23.16
23.08	23.10
23.08	23.12
23.12	23.09
23.19	23.03
23.19	23.05
23.19	23.06
23.22	23.05
23.30	22.98
23.30	23.00
23.30	23.02
23.30	23.04
23.33	23.02
23.40	22.96
23.40	22.98
23.40	23.00
23.48	22.93
23.51	22.92
23.51	22.94
23.51	22.96
23.51	22.98
23.58	22.91
23.59	22.92
23.62	22.91
23.62	22.93
23.62	22.95
23.62	22.97
23.73	22.86
23.73	22.88
23.73	22.90
23.73	22.92
23.73	22.94
23.75	22.94
23.84	22.86
23.84	22.88
23.84	22.90
23.84	22.92
23.84	22.93
23.86	22.94
23.93	22.87
23.95	22.87
23.95	22.89
23.95	22.91
23.95	22.93
23.95	22.95
23.95	22.97
24.04	22.89
24.05	22.89
24.05	22.91
24.06	22.93
24.06	22.95
24.06	22.97
24.06	22.99
24.13	22.93
24.14	22.93
24.16	22.94
24.16	22.96
24.17	22.96
24.17	22.98
24.17	23.00
24.17	23.02
24.17	23.04
24.22	23.00
24.24	23.00
24.27	22.99
24.27	23.01
24.28	23.01
24.28	23.03
24.28	23.05
24.28	23.06
24.28	23.08
24.30	23.09
24.33	23.07
24.37	23.04
24.37	23.06
24.39	23.06
24.39	23.07
24.39	23.09
24.39	23.11
24.39	23.13
24.39	23.15
24.41	23.15
24.43	23.14
24.46	23.13
24.48	23.13
24.48	23.15
24.50	23.15
24.50	23.17
24.50	23.18
24.50	23.20
24.50	23.22
24.50	23.24
24.51	23.25
24.54	23.24
24.59	23.20
24.59	23.22
24.60	23.23
24.60	23.25
24.61	23.27
24.61	23.29
24.61	23.31
24.61	23.33
24.62	23.33
24.70	23.27
24.70	23.29
24.71	23.29
24.72	23.31
24.72	23.32
24.72	23.34
24.72	23.36
24.72	23.38
24.72	23.40
24.73	23.40
24.81	23.33
24.81	23.35
24.82	23.35
24.83	23.37
24.83	23.39
24.83	23.41
24.83	23.42
24.83	23.44
24.83	23.46
24.83	23.48
24.84	23.48
24.92	23.41
24.93	23.41
24.93	23.43
24.94	23.45
24.94	23.47
24.94	23.48
24.94	23.50
24.94	23.52
24.94	23.54
24.95	23.54
25.02	23.48
25.02	23.50
25.04	23.49
25.04	23.51
25.04	23.53
25.04	23.55
25.04	23.57
25.04	23.59
25.05	23.61
25.05	23.63
25.05	23.65
25.06	23.65
25.10	23.63
25.13	23.61
25.15	23.61
25.15	23.63
25.15	23.65
25.24	23.57
25.25	23.58
25.25	23.59
25.25	23.61
25.26	23.62
25.26	23.64
25.34	23.57
25.36	23.58
25.36	23.59
25.37	23.59
25.38	23.61
25.38	23.63
25.45	23.57
25.47	23.56
25.47	23.58
25.49	23.58
25.49	23.60
25.49	23.62
25.56	23.56
25.58	23.56
25.58	23.58
25.59	23.58
25.59	23.60
25.60	23.61
25.60	23.63
25.67	23.57
25.67	23.59
25.68	23.60
25.68	23.61
25.69	23.62
25.70	23.63
25.70	23.64
25.70	23.66
25.70	23.68
25.77	23.63
25.77	23.64
25.79	23.64
25.79	23.66
25.79	23.68
25.80	23.69
25.80	23.71
25.80	23.73
25.81	23.75
25.88	23.69
25.89	23.69
25.89	23.71
25.91	23.72
25.91	23.74
25.91	23.75
25.91	23.77
25.94	23.75
25.98	23.73
26.00	23.73
26.00	23.75
26.00	23.77
26.02	23.77
26.02	23.79
26.02	23.80
26.05	23.79
26.09	23.77
26.11	23.77
26.13	23.77
26.15	23.76
26.15	23.78
26.20	23.75
26.20	23.77
26.22	23.76
26.24	23.76
26.25	23.77
26.26	23.77
26.26	23.79
26.29	23.78
26.31	23.77
26.31	23.79
26.33	23.79
26.35	23.78
26.36	23.79
26.36	23.80
26.37	23.81
26.37	23.83
26.40	23.82
26.42	23.82
26.42	23.83
26.43	23.84
26.46	23.82
26.47	23.83
26.47	23.85
26.47	23.86
26.47	23.88
26.51	23.86
26.52	23.86
26.52	23.88
26.57	23.85
26.58	23.85
26.58	23.87
26.58	23.88
26.59	23.90
26.63	23.87
26.63	23.89
26.68	23.86
26.69	23.86
26.69	23.88
26.70	23.90
26.70	23.91
26.71	23.92
26.73	23.91
26.73	23.93
26.75	23.93
26.79	23.90
26.80	23.91
26.80	23.93
26.81	23.93
26.81	23.95
26.82	23.96
26.82	23.97
26.84	23.97
26.84	23.98
26.86	23.98
26.89	23.97
26.91	23.97
26.91	23.98
26.91	24.00
26.91	24.02
26.92	24.03
26.93	24.03
26.95	24.02
26.95	24.04
26.97	24.04
27.00	24.02
27.02	24.02
27.02	24.04
27.02	24.06
27.03	24.08
27.03	24.10
27.04	24.10
27.06	24.10
27.11	24.08
27.12	24.09
27.12	24.11
27.17	24.08
27.21	24.05
27.23	24.06
27.23	24.07
27.26	24.06
27.28	24.06
27.32	24.03
27.34	24.03
27.39	23.99
27.39	24.01
27.39	24.03
27.43	24.01
27.45	24.01
27.50	23.97
27.55	23.94
27.57	23.93
27.60	23.92
27.60	23.94
27.66	23.90
27.68	23.89
27.71	23.88
27.71	23.90
27.77	23.85
27.79	23.85
27.82	23.84
27.82	23.86
27.82	23.87
27.88	23.83
27.93	23.80
27.93	23.81
27.93	23.83
27.99	23.78
28.01	23.79
28.04	23.77
28.04	23.79
28.04	23.81
28.11	23.76
28.12	23.76
28.14	23.76
28.14	23.77
28.15	23.78
28.15	23.80
28.16	23.81
28.25	23.74
28.25	23.76
28.26	23.76
28.26	23.78
28.27	23.79
28.35	23.72
28.35	23.74
28.44	23.67
28.46	23.67
28.46	23.68
28.46	23.70
28.54	23.65
28.55	23.64
28.57	23.64
28.57	23.66
28.57	23.67
28.61	23.65
28.65	23.64
28.66	23.63
28.68	23.63
28.68	23.65
28.69	23.66
28.72	23.64
28.76	23.63
28.78	23.62
28.79	23.62
28.80	23.64
28.80	23.65
28.82	23.64
28.82	23.66
28.87	23.63
28.89	23.63
28.90	23.63
28.90	23.65
28.90	23.66
28.93	23.66
28.93	23.67
28.93	23.69
28.98	23.66
29.00	23.65
29.01	23.66
29.01	23.68
29.04	23.66
29.04	23.67
29.04	23.69
29.09	23.66
29.12	23.65
29.12	23.66
29.15	23.65
29.15	23.66
29.15	23.68
29.15	23.69
29.22	23.64
29.22	23.66
29.26	23.64
29.26	23.65
29.26	23.67
29.26	23.68
29.26	23.70
29.33	23.65
29.33	23.66
29.36	23.65
29.36	23.66
29.36	23.68
29.37	23.70
29.37	23.71
29.37	23.73
29.37	23.75
29.44	23.69
29.44	23.71
29.47	23.70
29.47	23.72
29.47	23.73
29.47	23.75
29.47	23.76
29.55	23.71
29.55	23.73
29.55	23.74
29.58	23.73
29.58	23.74
29.58	23.76
29.58	23.77
29.58	23.79
29.59	23.80
29.65	23.76
29.65	23.78
29.65	23.79
29.66	23.81
29.69	23.79
29.69	23.80
29.69	23.82
29.69	23.83
29.69	23.85
29.70	23.86
29.75	23.82
29.75	23.84
29.80	23.81
29.80	23.83
29.80	23.84
29.80	23.86
29.80	23.88
29.81	23.89
29.81	23.91
29.82	23.91
29.86	23.90
29.86	23.91
29.89	23.89
29.91	23.89
29.91	23.91
29.91	23.92
29.91	23.94
29.92	23.96
29.92	23.98
29.92	24.00
29.92	24.01
29.97	23.98
