3.55	0.00
3.64	4.97
3.73	4.09
3.84	4.06
3.84	45.07
3.93	65.62
3.93	96.59
3.93	127.37
4.02	128.48
4.02	153.30
4.02	177.99
4.06	189.79
4.06	212.73
4.11	213.11
4.11	233.72
4.12	254.25
4.15	260.54
4.15	279.88
4.15	299.13
4.17	310.43
4.17	329.08
4.21	328.53
4.21	346.06
4.21	363.52
4.24	364.54
4.24	381.16
4.24	397.72
4.24	414.22
4.24	430.67
4.25	447.06
4.26	454.97
4.26	470.96
4.26	486.91
4.30	479.33
4.30	494.47
4.30	509.56
4.33	505.47
4.33	519.95
4.33	534.38
4.33	548.77
4.34	563.11
4.34	577.42
4.34	591.68
4.34	605.89
4.34	620.07
4.35	626.79
4.35	640.73
4.35	654.62
4.35	668.47
4.36	682.28
4.36	696.05
4.39	682.29
4.39	695.49
4.39	708.65
4.42	699.17
4.42	711.88
4.42	724.56
4.43	737.20
4.43	749.80
4.43	762.37
4.43	774.91
4.43	787.41
4.43	799.88
4.43	812.32
4.43	824.72
4.44	837.09
4.44	849.42
4.44	861.72
4.44	873.99
4.44	882.86
4.44	895.02
4.45	907.15
4.45	919.25
4.45	931.31
4.45	943.35
4.45	955.35
4.45	967.32
4.45	979.25
4.48	960.35
4.48	971.89
4.49	983.41
4.50	982.86
4.50	994.19
4.51	992.70
4.51	1003.84
4.52	1014.97
4.52	1026.06
4.52	1037.13
4.52	1048.17
4.52	1059.18
4.52	1070.16
4.52	1081.12
4.52	1092.05
4.53	1102.96
4.53	1113.84
4.53	1124.69
4.53	1135.51
4.53	1146.31
4.53	1157.09
4.53	1167.83
4.53	1178.55
4.53	1189.25
4.54	1199.91
4.54	1210.56
4.54	1221.17
4.54	1231.77
4.54	1242.33
4.54	1252.87
4.54	1263.39
4.54	1273.88
4.55	1284.34
4.55	1294.78
4.55	1305.19
4.55	1315.58
4.55	1325.95
4.55	1336.29
4.55	1346.60
4.55	1356.89
4.60	1303.62
4.61	1313.46
4.61	1323.28
4.61	1333.07
4.61	1342.85
4.61	1352.60
4.61	1362.32
4.61	1372.03
4.61	1381.71
4.62	1391.38
4.62	1401.02
4.62	1410.64
4.62	1420.24
4.62	1429.81
4.62	1439.37
4.62	1448.90
4.62	1458.41
4.62	1467.91
4.63	1477.38
4.63	1486.83
4.63	1496.25
4.63	1505.66
4.63	1515.05
4.63	1524.42
4.63	1533.76
4.63	1543.09
4.64	1552.39
4.64	1561.67
4.64	1570.94
4.64	1580.18
4.64	1589.40
4.64	1598.61
4.64	1607.79
4.64	1616.95
4.65	1626.09
4.65	1635.22
4.65	1644.32
4.65	1653.40
4.65	1662.47
4.65	1671.51
4.65	1680.53
4.65	1689.54
4.65	1698.52
4.66	1707.49
4.70	1657.37
4.70	1666.05
4.70	1674.71
4.70	1683.36
4.70	1691.98
4.70	1700.59
4.70	1709.18
4.71	1717.76
4.71	1726.32
4.71	1734.85
4.71	1743.38
4.71	1751.88
4.71	1760.36
4.71	1768.83
4.71	1777.28
4.71	1785.72
4.74	1756.34
4.74	1764.60
4.74	1772.85
4.74	1781.08
4.75	1789.29
4.75	1797.48
4.79	1748.08
4.79	1756.04
4.79	1763.98
4.79	1771.91
4.79	1779.82
4.79	1787.71
4.80	1795.59
4.80	1803.46
4.80	1811.31
4.80	1819.14
4.83	1781.00
4.83	1788.66
4.84	1796.30
4.84	1803.92
4.84	1811.53
4.84	1819.13
4.84	1826.71
4.84	1834.28
4.84	1841.83
4.84	1849.37
4.84	1856.90
4.85	1864.41
4.88	1826.40
4.88	1833.74
4.88	1841.07
4.88	1848.39
4.88	1855.70
4.89	1862.99
4.89	1870.26
4.89	1877.53
4.89	1884.78
4.89	1892.02
4.89	1899.25
4.92	1863.32
4.93	1870.40
4.93	1877.46
4.93	1884.51
4.93	1891.54
4.93	1898.57
4.93	1905.58
4.93	1912.59
4.94	1916.27
4.94	1923.24
4.94	1930.20
4.94	1937.14
4.97	1903.11
4.97	1909.92
4.97	1916.72
4.97	1923.50
4.98	1930.28
4.98	1937.04
4.98	1943.79
4.98	1950.54
4.98	1957.27
4.98	1963.99
4.98	1970.69
4.98	1977.39
4.99	1984.07
5.02	1950.16
5.02	1956.72
5.02	1963.27
5.02	1969.80
5.02	1976.33
5.02	1982.85
5.02	1989.35
5.02	1995.85
5.03	1999.10
5.03	2005.57
5.03	2012.03
5.03	2018.47
5.06	1986.41
5.06	1991.17
5.07	1997.49
5.07	2003.80
5.07	2010.11
5.07	2016.40
5.07	2022.68
5.07	2028.95
5.07	2035.21
5.07	2041.46
5.08	2047.70
5.08	2053.93
5.08	2060.16
5.08	2066.37
5.11	2034.40
5.11	2040.51
5.11	2046.61
5.11	2052.70
5.11	2058.77
5.11	2064.84
5.12	2070.90
5.12	2076.96
5.12	2079.83
5.12	2085.86
5.12	2091.88
5.12	2097.89
5.16	2064.64
5.16	2070.55
5.16	2076.45
5.16	2082.34
5.16	2088.22
5.16	2094.09
5.16	2099.96
5.16	2105.81
5.17	2111.66
5.17	2117.50
5.17	2123.33
5.17	2129.15
5.17	2134.96
5.17	2140.77
5.17	2146.56
5.20	2116.48
5.20	2122.19
5.20	2127.89
5.20	2133.58
5.21	2139.26
5.21	2144.94
5.21	2150.60
5.21	2156.26
5.21	2158.81
5.21	2164.45
5.22	2170.07
5.22	2175.69
5.25	2142.82
5.25	2148.36
5.25	2153.88
5.25	2159.39
5.25	2164.90
5.25	2170.40
5.26	2175.90
5.26	2181.38
5.26	2186.86
5.26	2192.33
5.26	2197.80
5.26	2203.25
5.26	2208.70
5.26	2214.14
5.26	2219.57
5.27	2225.00
5.29	2196.75
5.29	2202.10
5.30	2207.45
5.30	2212.78
5.30	2218.11
5.30	2223.43
5.30	2228.75
5.30	2234.06
5.31	2236.31
5.31	2241.60
5.31	2246.88
5.31	2252.15
5.34	2219.64
5.34	2224.84
5.34	2230.02
5.34	2235.21
5.35	2240.38
5.35	2245.55
5.35	2250.71
5.35	2255.87
5.35	2261.02
5.35	2266.16
5.35	2271.29
5.35	2276.42
5.35	2281.54
5.36	2286.66
5.36	2291.76
5.37	2286.51
5.39	2268.96
5.39	2274.00
5.39	2279.03
5.39	2284.05
5.39	2289.06
5.39	2294.07
5.39	2299.07
5.39	2304.07
5.40	2306.07
5.40	2311.05
5.40	2316.03
5.40	2320.99
5.43	2288.94
5.43	2293.83
5.44	2298.72
5.44	2303.61
5.44	2308.49
5.44	2313.36
5.44	2318.23
5.44	2323.09
5.44	2327.95
5.44	2332.79
5.44	2337.64
5.45	2342.47
5.45	2347.30
5.45	2352.13
5.46	2346.82
5.46	2351.62
5.48	2335.71
5.48	2339.01
5.48	2343.76
5.48	2348.50
5.53	2296.32
5.53	2299.58
5.53	2304.23
5.54	2308.86
5.54	2313.50
5.54	2318.12
5.54	2322.74
5.55	2317.81
5.55	2322.41
5.57	2307.48
5.57	2312.04
5.57	2315.22
5.57	2319.76
5.57	2324.30
5.59	2315.39
5.59	2319.90
5.62	2287.89
5.63	2289.70
5.63	2294.14
5.63	2298.58
5.63	2303.01
5.63	2307.44
5.63	2311.86
5.64	2307.20
5.64	2311.60
5.66	2297.41
5.66	2301.77
5.66	2304.83
5.67	2309.18
5.68	2300.74
5.68	2305.06
5.70	2291.57
5.70	2295.87
5.72	2281.91
5.72	2286.17
5.72	2290.43
5.72	2294.68
5.72	2298.92
5.72	2303.17
5.73	2298.74
5.73	2302.96
5.75	2289.43
5.75	2293.62
5.76	2296.56
5.76	2300.73
5.77	2292.68
5.77	2296.84
5.79	2283.96
5.79	2288.08
5.81	2275.38
5.81	2279.47
5.81	2283.56
5.81	2287.65
5.81	2291.73
5.81	2295.81
5.82	2299.88
5.82	2303.95
5.83	2300.27
5.83	2304.32
5.84	2292.52
5.85	2294.15
5.85	2298.17
5.86	2290.45
5.88	2276.94
5.88	2280.91
5.90	2268.75
5.90	2272.69
5.90	2276.62
5.90	2280.55
5.90	2284.48
5.91	2288.40
5.91	2292.32
5.91	2296.23
5.91	2300.15
5.92	2296.63
5.92	2300.53
5.92	2304.42
5.94	2291.93
5.95	2283.40
5.95	2287.24
5.97	2274.27
5.97	2278.09
5.99	2266.41
6.01	2255.42
6.01	2258.09
6.01	2261.85
6.03	2251.22
6.04	2242.16
6.05	2245.88
6.06	2234.76
6.08	2222.76
6.08	2226.43
6.09	2230.10
6.10	2219.76
6.10	2223.41
6.11	2227.05
6.12	2218.07
6.12	2221.69
6.14	2213.12
6.14	2216.73
6.16	2207.21
6.18	2194.82
6.18	2198.38
6.19	2188.60
6.20	2192.14
6.20	2195.67
6.20	2199.20
6.21	2190.69
6.23	2181.62
6.23	2185.11
6.25	2177.08
6.27	2165.33
6.28	2156.21
6.28	2159.64
6.29	2162.95
6.29	2166.38
6.29	2169.81
6.29	2173.23
6.32	2153.14
6.32	2156.53
6.34	2148.92
6.38	2121.13
6.38	2124.46
6.39	2119.10
6.41	2109.73
6.43	2101.74
6.43	2105.02
6.43	2108.31
6.47	2083.70
6.49	2077.83
6.49	2081.06
6.50	2073.06
6.52	2064.69
6.52	2067.88
6.56	2044.55
6.56	2047.71
6.56	2050.87
6.58	2046.96
6.59	2038.58
6.60	2041.72
6.61	2034.57
6.63	2025.93
6.65	2014.65
6.66	2017.73
6.66	2020.80
6.67	2017.89
6.67	2020.96
6.69	2013.75
6.70	2006.20
6.71	2009.23
6.72	2001.75
6.75	1990.22
6.75	1993.22
6.76	1990.48
6.76	1993.47
6.76	1996.45
6.78	1990.32
6.78	1993.29
6.80	1986.80
6.81	1978.92
6.82	1981.86
6.84	1971.52
6.85	1967.49
6.85	1970.41
6.85	1973.32
6.85	1976.23
6.87	1971.79
6.87	1974.69
6.89	1968.46
6.89	1971.34
6.91	1964.47
6.92	1956.97
6.93	1957.37
6.95	1952.13
6.95	1954.97
6.95	1957.80
6.96	1954.25
6.96	1957.07
6.98	1951.10
6.98	1953.91
7.00	1947.30
7.00	1950.10
7.02	1943.56
7.03	1936.41
7.04	1938.92
7.04	1941.02
7.09	1916.83
7.09	1919.56
7.13	1903.82
7.13	1906.28
7.13	1908.99
7.14	1903.77
7.15	1906.47
7.18	1891.82
7.22	1876.12
7.22	1878.78
7.22	1881.19
7.22	1883.84
7.24	1879.47
7.26	1873.07
7.26	1875.70
7.29	1861.77
7.31	1855.55
7.31	1858.15
7.31	1860.51
7.31	1863.10
7.35	1850.21
7.35	1852.78
7.35	1855.35
7.35	1857.92
7.40	1836.09
7.40	1838.63
7.40	1841.16
7.41	1843.70
7.41	1846.23
7.44	1834.02
7.44	1836.53
7.44	1839.05
7.44	1841.56
7.44	1844.07
7.49	1823.49
7.50	1825.98
7.50	1828.46
7.50	1830.94
7.51	1827.41
7.53	1821.59
7.53	1823.51
7.53	1825.96
7.57	1814.20
7.57	1816.64
7.59	1811.48
7.59	1813.91
7.59	1816.34
7.59	1818.76
7.62	1807.43
7.62	1809.20
7.63	1811.60
7.66	1800.21
7.68	1793.67
7.71	1782.26
7.71	1784.62
7.72	1786.36
7.72	1788.73
7.75	1778.27
7.75	1780.62
7.79	1768.00
7.81	1763.31
7.81	1765.62
7.81	1767.34
7.81	1769.66
7.84	1759.57
7.84	1761.87
7.84	1764.17
7.88	1752.93
7.90	1747.92
7.90	1750.19
7.90	1751.88
7.90	1754.15
7.93	1744.38
7.94	1746.64
7.94	1748.89
7.95	1745.50
7.97	1741.19
7.99	1736.33
7.99	1737.53
7.99	1739.75
8.01	1737.00
8.03	1732.50
8.03	1734.71
8.04	1731.44
8.04	1733.64
8.05	1735.85
8.06	1732.58
8.08	1727.86
8.09	1728.58
8.09	1730.77
8.10	1728.55
8.12	1724.17
8.13	1720.55
8.14	1722.71
8.14	1724.88
8.14	1727.04
8.14	1729.20
8.17	1719.83
8.18	1720.44
8.18	1722.58
8.19	1720.44
8.21	1716.00
8.23	1712.21
8.23	1714.33
8.23	1716.46
8.23	1718.58
8.23	1720.70
8.23	1722.82
8.26	1714.55
8.27	1714.71
8.27	1716.82
8.28	1715.17
8.32	1704.62
8.32	1706.71
8.32	1708.79
8.32	1710.87
8.32	1712.95
8.32	1715.03
8.33	1717.11
8.34	1715.39
8.36	1709.63
8.36	1711.70
8.37	1710.09
8.41	1698.11
8.42	1699.73
8.42	1701.78
8.45	1693.95
8.45	1694.96
8.46	1693.01
8.47	1695.04
8.47	1697.06
8.51	1685.41
8.51	1687.42
8.52	1686.24
8.54	1680.83
8.54	1682.82
8.56	1681.34
8.56	1682.93
8.56	1684.92
8.56	1686.91
8.60	1675.96
8.60	1677.93
8.63	1670.92
8.64	1671.52
8.64	1673.48
8.65	1671.66
8.65	1673.61
8.65	1675.57
8.65	1677.53
8.65	1679.48
8.69	1669.56
8.72	1662.33
8.72	1664.26
8.73	1664.86
8.73	1666.79
8.74	1665.40
8.74	1666.94
8.74	1668.86
8.75	1670.78
8.75	1672.70
8.75	1674.62
8.78	1665.68
8.81	1658.22
8.82	1660.12
8.82	1660.71
8.82	1662.61
8.83	1660.87
8.84	1662.76
8.84	1664.65
8.84	1666.54
8.84	1668.43
8.84	1670.32
8.84	1672.21
8.89	1660.06
8.91	1656.86
8.91	1657.07
8.91	1658.94
8.93	1657.24
8.93	1659.10
8.93	1660.96
8.93	1662.82
8.93	1664.68
8.93	1666.53
8.93	1668.39
8.93	1670.24
8.94	1672.10
9.00	1655.11
9.00	1655.75
9.00	1657.59
9.02	1656.37
9.02	1658.12
9.02	1659.58
9.02	1661.41
9.02	1663.24
9.02	1665.06
9.02	1666.89
9.03	1668.71
9.03	1670.54
9.03	1672.36
9.03	1674.18
9.09	1656.64
9.10	1658.45
9.11	1656.82
9.11	1658.62
9.11	1660.42
9.11	1662.20
9.11	1664.00
9.11	1665.79
9.12	1667.59
9.12	1669.38
9.12	1671.18
9.12	1672.97
9.12	1674.76
9.12	1676.55
9.12	1678.34
9.19	1661.40
9.19	1663.18
9.20	1661.56
9.20	1663.33
9.20	1665.09
9.20	1666.85
9.21	1668.62
9.21	1670.39
9.21	1672.15
9.21	1673.92
9.21	1675.68
9.21	1677.44
9.21	1679.20
9.21	1680.97
9.22	1682.73
9.22	1684.49
9.28	1668.10
9.28	1669.85
9.29	1668.25
9.29	1669.98
9.30	1671.71
9.30	1673.45
9.30	1675.18
9.30	1676.92
9.30	1678.65
9.30	1680.39
9.30	1682.12
9.30	1683.86
9.31	1685.59
9.31	1687.32
9.31	1689.05
9.31	1690.78
9.37	1674.59
9.37	1676.31
9.39	1674.72
9.39	1676.43
9.39	1678.12
9.39	1679.83
9.39	1681.54
9.39	1683.25
9.39	1684.95
9.39	1686.66
9.40	1688.36
9.40	1690.07
9.40	1691.77
9.40	1693.47
9.40	1695.17
9.48	1673.21
9.49	1674.89
9.49	1676.57
9.49	1678.25
9.49	1679.93
9.49	1681.61
9.49	1683.29
9.49	1684.97
9.49	1686.64
9.49	1688.32
9.58	1667.46
9.58	1669.12
9.58	1670.77
9.58	1672.43
9.58	1674.08
9.58	1675.74
9.58	1677.39
9.58	1679.05
9.59	1680.70
9.59	1682.35
9.59	1684.00
9.67	1664.17
9.67	1665.48
9.67	1667.11
9.67	1668.74
9.67	1670.37
9.67	1672.00
9.68	1673.63
9.68	1675.26
9.68	1676.89
9.68	1678.52
9.68	1680.15
9.68	1681.77
9.76	1662.27
9.76	1663.87
9.76	1665.48
9.76	1667.09
9.77	1668.70
9.77	1670.30
9.77	1671.59
9.77	1673.19
9.77	1674.80
9.77	1676.40
9.77	1678.00
9.78	1679.61
9.78	1681.21
9.85	1662.64
9.86	1664.22
9.86	1665.80
9.86	1667.39
9.86	1668.97
9.86	1670.56
9.86	1671.19
9.87	1672.77
9.87	1674.35
9.87	1675.93
9.87	1677.51
9.87	1679.09
9.87	1680.66
9.88	1680.38
9.95	1665.18
9.95	1666.43
9.95	1667.99
9.95	1669.55
9.95	1671.11
9.96	1671.73
9.96	1673.29
9.96	1674.85
9.96	1676.41
9.96	1677.96
9.96	1679.52
9.96	1681.08
9.96	1682.63
9.97	1684.19
9.99	1679.57
10.04	1669.51
10.04	1670.43
10.04	1671.96
10.04	1673.50
10.04	1675.04
10.05	1675.96
10.05	1677.18
10.05	1678.72
10.05	1680.25
10.05	1681.79
10.05	1683.32
10.06	1684.54
10.06	1686.08
10.06	1687.61
10.08	1683.66
10.13	1672.79
10.13	1674.31
10.13	1675.83
10.13	1677.34
10.14	1677.63
10.14	1679.15
10.14	1680.66
10.14	1682.17
10.15	1683.69
10.15	1685.20
10.15	1686.71
10.15	1688.22
10.15	1689.73
10.15	1691.24
10.15	1692.75
10.23	1674.18
10.24	1675.37
10.24	1676.87
10.24	1678.36
10.24	1679.85
10.24	1681.34
10.24	1682.83
10.24	1684.32
10.24	1685.81
10.25	1687.30
10.25	1688.79
10.32	1671.12
10.33	1672.00
10.33	1673.18
10.33	1674.65
10.33	1676.12
10.33	1677.59
10.34	1679.07
10.34	1680.54
10.34	1682.01
10.34	1683.47
10.34	1684.94
10.42	1667.27
10.42	1668.72
10.42	1669.88
10.42	1671.34
10.43	1671.62
10.43	1673.07
10.51	1655.76
10.51	1657.20
10.51	1658.35
10.52	1659.79
10.52	1660.08
10.52	1661.51
10.54	1659.57
10.54	1661.00
10.60	1647.68
10.60	1649.10
10.61	1650.24
10.61	1651.66
10.61	1651.95
10.61	1653.37
10.62	1654.78
10.63	1653.16
10.63	1654.57
10.70	1641.48
10.70	1642.88
10.70	1644.01
10.70	1645.41
10.71	1645.71
10.71	1647.11
10.71	1648.51
10.72	1647.19
10.72	1648.59
10.73	1647.49
10.79	1637.10
10.79	1638.49
10.79	1639.60
10.79	1640.98
10.80	1641.28
10.80	1642.66
10.81	1641.37
10.81	1642.75
10.82	1644.13
10.83	1643.33
10.83	1644.71
10.88	1634.46
10.88	1635.83
10.88	1636.93
10.89	1638.30
10.89	1638.59
10.89	1639.96
10.91	1638.69
10.91	1640.06
10.91	1641.42
10.92	1640.90
10.92	1642.26
10.98	1631.10
10.98	1632.46
10.98	1633.81
10.98	1635.16
10.98	1636.51
10.98	1637.59
10.98	1638.94
11.00	1637.69
11.00	1639.04
11.00	1640.38
11.01	1640.13
11.01	1641.48
11.07	1630.46
11.07	1631.80
11.07	1633.13
11.07	1634.47
11.07	1635.80
11.07	1637.13
11.08	1638.20
11.08	1639.53
11.09	1638.30
11.09	1639.63
11.10	1639.39
11.10	1640.71
11.10	1642.04
11.16	1631.41
11.16	1632.73
11.16	1634.05
11.16	1635.37
11.16	1636.69
11.16	1638.00
11.17	1639.06
11.17	1640.38
11.18	1639.15
11.18	1640.47
11.19	1640.22
11.19	1641.54
11.19	1642.85
11.19	1644.16
11.25	1633.90
11.25	1635.20
11.25	1636.50
11.25	1637.81
11.25	1639.11
11.26	1640.41
11.26	1641.45
11.26	1642.75
11.27	1641.54
11.27	1642.84
11.28	1642.60
11.28	1643.89
11.28	1645.19
11.29	1646.48
11.29	1647.78
11.30	1646.31
11.34	1639.15
11.34	1640.44
11.34	1641.73
11.35	1643.01
11.35	1644.30
11.35	1645.58
11.35	1646.61
11.35	1647.89
11.37	1646.69
11.37	1647.97
11.37	1647.72
11.38	1649.00
11.38	1650.28
11.38	1651.56
11.39	1650.10
11.39	1651.38
11.39	1652.65
11.43	1645.80
11.44	1647.07
11.44	1648.34
11.44	1649.61
11.44	1650.88
11.44	1652.15
11.44	1653.17
11.44	1654.44
11.46	1653.23
11.46	1654.50
11.47	1654.25
11.47	1655.51
11.47	1656.78
11.47	1658.04
11.48	1656.58
11.49	1657.84
11.52	1651.85
11.53	1652.30
11.53	1653.56
11.53	1654.81
11.53	1656.06
11.53	1657.32
11.53	1658.57
11.54	1659.57
11.54	1660.83
11.55	1659.63
11.55	1660.88
11.56	1660.62
11.56	1661.87
11.56	1663.12
11.56	1664.37
11.58	1662.92
11.58	1664.16
11.58	1665.41
11.62	1658.90
11.62	1660.14
11.62	1661.37
11.65	1656.73
11.65	1657.72
11.65	1658.96
11.67	1657.53
11.67	1658.77
11.67	1660.00
11.67	1661.23
11.71	1654.81
11.71	1656.04
11.73	1653.17
11.73	1654.40
11.74	1653.91
11.75	1655.13
11.76	1653.73
11.76	1654.95
11.76	1656.17
11.76	1657.39
11.80	1651.06
11.80	1652.27
11.82	1649.45
11.83	1650.66
11.84	1650.19
11.84	1651.39
11.84	1652.60
11.85	1652.18
11.85	1652.90
11.85	1653.87
11.85	1655.08
11.89	1648.83
11.89	1650.03
11.92	1647.24
11.92	1648.44
11.93	1647.97
11.93	1649.17
11.93	1650.36
11.93	1651.56
11.93	1652.75
11.94	1652.09
11.94	1653.28
11.95	1654.24
11.95	1655.43
11.98	1649.49
12.01	1646.50
12.01	1647.68
12.02	1647.22
12.02	1648.40
12.02	1649.58
12.02	1650.77
12.02	1651.95
12.02	1653.13
12.03	1654.31
12.03	1653.89
12.04	1655.07
12.04	1656.02
12.04	1657.19
12.08	1651.54
12.10	1648.57
12.11	1647.89
12.11	1649.06
12.11	1650.23
12.11	1651.40
12.11	1652.56
12.12	1653.73
12.12	1654.90
12.12	1656.07
12.12	1657.24
12.13	1657.05
12.13	1658.22
12.13	1659.15
12.13	1660.32
12.18	1653.01
12.19	1652.00
12.20	1650.85
12.20	1652.01
12.21	1653.17
12.21	1654.32
12.21	1655.48
12.21	1656.64
12.21	1657.79
12.21	1658.95
12.21	1660.10
12.22	1660.14
12.22	1661.30
12.22	1662.22
12.22	1663.37
12.28	1653.97
12.28	1655.12
12.29	1654.21
12.30	1655.13
12.31	1653.81
12.31	1654.50
12.32	1655.65
12.37	1646.39
12.37	1647.53
12.38	1646.92
12.39	1648.00
12.39	1648.91
12.39	1650.04
12.40	1648.97
12.41	1649.66
12.46	1640.31
12.46	1641.44
12.48	1640.84
12.48	1641.96
12.48	1642.81
12.48	1643.93
12.49	1642.89
12.49	1644.01
12.50	1645.13
12.51	1644.14
12.55	1637.02
12.57	1636.22
12.57	1637.33
12.57	1638.17
12.57	1639.28
12.58	1638.25
12.59	1639.36
12.59	1640.47
12.59	1641.58
12.59	1642.69
12.60	1642.15
12.65	1635.11
12.66	1634.32
12.66	1634.94
12.66	1636.04
12.68	1635.02
12.68	1636.12
12.68	1637.22
12.68	1638.32
12.68	1639.42
12.68	1640.52
12.68	1641.61
12.71	1638.11
12.75	1631.77
12.75	1632.86
12.76	1633.95
12.77	1633.00
12.77	1634.09
12.77	1635.17
12.77	1636.26
12.77	1637.30
12.77	1638.39
12.78	1639.47
12.80	1636.22
12.80	1637.30
12.84	1631.25
12.85	1632.11
12.85	1633.19
12.86	1632.25
12.86	1633.33
12.86	1634.41
12.87	1635.22
12.87	1636.30
12.89	1633.09
12.95	1623.87
12.95	1624.93
12.96	1625.75
12.96	1626.81
12.98	1623.66
12.98	1624.72
12.99	1625.79
13.05	1616.91
13.05	1617.97
13.05	1618.77
13.05	1619.83
13.05	1620.89
13.07	1618.19
13.08	1619.04
13.08	1620.09
13.14	1611.33
13.14	1612.38
13.14	1613.18
13.14	1614.23
13.16	1613.34
13.17	1612.82
13.17	1613.46
13.17	1614.51
13.23	1606.06
13.23	1606.66
13.23	1607.70
13.24	1608.74
13.25	1608.06
13.25	1609.10
13.26	1607.99
13.26	1609.03
13.26	1610.06
13.32	1602.12
13.33	1602.51
13.33	1603.54
13.33	1604.57
13.34	1603.91
13.34	1604.94
13.34	1605.97
13.35	1605.07
13.36	1606.10
13.37	1604.60
13.42	1598.64
13.42	1599.66
13.42	1600.68
13.42	1601.70
13.42	1602.72
13.43	1602.46
13.43	1603.29
13.43	1604.31
13.45	1603.61
13.46	1601.94
13.46	1602.96
13.51	1597.25
13.51	1598.07
13.51	1599.08
13.51	1600.09
13.51	1601.10
13.52	1602.11
13.52	1601.85
13.53	1602.86
13.54	1601.59
13.56	1600.33
13.56	1601.34
13.56	1602.35
13.60	1596.70
13.60	1597.70
13.61	1598.51
13.61	1599.51
13.61	1600.51
13.61	1601.52
13.62	1601.45
13.62	1602.45
13.62	1603.45
13.65	1599.94
13.65	1600.94
13.65	1601.94
13.67	1600.69
13.67	1601.68
13.70	1598.14
13.70	1599.13
13.70	1600.12
13.70	1601.12
13.70	1602.11
13.70	1603.10
13.71	1603.41
13.71	1604.41
13.73	1602.97
13.74	1601.92
13.74	1602.90
13.74	1603.89
13.76	1602.65
13.76	1603.63
13.76	1604.62
13.79	1601.48
13.79	1602.27
13.79	1603.26
13.79	1604.24
13.81	1603.19
13.81	1603.94
13.82	1603.73
13.83	1602.69
13.83	1603.67
13.84	1604.64
13.84	1605.62
13.85	1604.76
13.85	1605.74
13.85	1606.72
13.85	1607.69
13.88	1604.75
13.88	1605.36
13.88	1606.33
13.90	1605.29
13.90	1606.03
13.90	1607.01
13.92	1605.41
13.94	1602.82
13.95	1603.79
13.97	1600.52
13.98	1601.48
13.99	1600.45
13.99	1601.20
13.99	1602.16
14.00	1603.13
14.01	1602.13
14.03	1600.30
14.04	1600.13
14.04	1601.09
14.07	1598.04
14.08	1596.84
14.08	1597.80
14.08	1598.76
14.09	1599.68
14.09	1600.63
14.10	1599.65
14.12	1597.91
14.13	1597.68
14.13	1598.63
14.13	1599.58
14.16	1596.74
14.17	1595.56
14.18	1596.32
14.18	1597.27
14.18	1598.22
14.18	1599.17
14.18	1600.12
14.21	1596.62
14.22	1596.21
14.22	1597.15
14.22	1598.10
14.24	1596.74
14.26	1595.10
14.26	1595.41
14.27	1595.99
14.27	1596.93
14.27	1597.87
14.27	1598.81
14.27	1599.75
14.28	1599.29
14.31	1595.88
14.31	1596.81
14.32	1597.75
14.33	1596.58
14.35	1594.88
14.36	1595.26
14.36	1596.20
14.36	1596.77
14.36	1597.71
14.36	1598.64
14.36	1599.57
14.36	1600.50
14.37	1600.22
14.39	1598.52
14.41	1597.76
14.41	1598.69
14.42	1597.35
14.44	1595.84
14.45	1596.22
14.45	1597.15
14.45	1597.54
14.45	1598.47
14.45	1599.39
14.46	1600.32
14.46	1601.24
14.46	1602.16
14.46	1603.09
14.48	1600.55
14.50	1599.62
14.50	1600.54
14.50	1601.46
14.53	1597.71
14.54	1598.25
14.54	1599.17
14.54	1599.39
14.55	1600.31
14.55	1601.22
14.55	1602.14
14.55	1603.05
14.55	1603.97
14.55	1604.89
14.55	1605.80
14.56	1605.52
14.59	1602.53
14.59	1603.44
14.59	1604.35
14.61	1603.20
14.63	1601.34
14.63	1602.25
14.63	1603.16
14.64	1603.37
14.64	1604.28
14.64	1605.19
14.64	1606.09
14.64	1607.00
14.64	1607.91
14.64	1608.82
14.65	1609.72
14.65	1610.63
14.65	1610.70
14.68	1607.71
14.68	1608.62
14.68	1609.52
14.72	1605.64
14.72	1606.35
14.72	1607.25
14.72	1608.15
14.73	1608.53
14.73	1609.43
14.73	1610.33
14.73	1611.23
14.73	1612.13
14.73	1613.03
14.74	1613.93
14.74	1614.83
14.75	1614.72
14.75	1615.62
14.75	1616.51
14.77	1613.89
14.78	1614.61
14.78	1615.51
14.81	1611.81
14.81	1612.34
14.82	1613.23
14.82	1613.44
14.82	1614.33
14.82	1615.22
14.82	1616.11
14.83	1617.00
14.83	1617.90
14.83	1618.79
14.83	1619.68
14.83	1620.57
14.83	1621.46
14.84	1621.69
14.84	1622.58
14.86	1621.26
14.87	1620.68
14.87	1621.56
14.88	1620.42
14.90	1618.94
14.91	1619.29
14.91	1620.17
14.91	1620.37
14.91	1621.26
14.92	1622.14
14.92	1623.02
14.92	1623.91
14.92	1624.79
14.92	1625.68
14.92	1626.56
14.92	1627.44
14.92	1628.32
14.93	1629.21
14.93	1629.60
14.93	1630.48
14.96	1627.70
14.96	1628.58
14.97	1627.43
14.98	1628.31
15.00	1626.29
15.00	1627.17
15.00	1628.05
15.01	1628.24
15.01	1629.12
15.01	1630.00
15.01	1630.87
15.01	1631.75
15.01	1632.62
15.01	1633.50
15.01	1634.37
15.02	1635.25
15.02	1636.12
15.02	1637.00
15.02	1637.56
15.02	1638.43
15.05	1635.65
15.05	1636.52
15.07	1635.38
15.07	1636.25
15.09	1634.23
15.09	1635.10
15.09	1635.97
15.09	1636.84
15.10	1637.03
15.10	1637.90
15.10	1638.76
15.10	1639.63
15.10	1640.50
15.10	1641.37
15.11	1642.24
15.11	1643.10
15.11	1643.97
15.11	1644.84
15.11	1645.70
15.11	1646.57
15.11	1647.29
15.14	1644.34
15.14	1645.21
15.16	1644.06
15.16	1644.92
15.18	1642.90
15.18	1643.77
15.18	1644.63
15.18	1645.49
15.19	1645.67
15.19	1646.53
15.19	1647.39
15.19	1648.25
15.20	1649.11
15.20	1649.97
15.20	1650.83
15.20	1651.69
15.20	1652.55
15.20	1653.41
15.20	1654.27
15.21	1654.99
15.21	1655.84
15.23	1653.06
15.25	1651.75
15.29	1647.54
15.29	1648.22
15.29	1649.08
15.29	1649.93
15.29	1650.78
15.29	1651.64
15.30	1652.49
15.30	1653.20
15.30	1654.05
15.33	1650.04
15.34	1650.89
15.38	1645.99
15.38	1646.84
15.38	1647.68
15.38	1648.53
15.38	1649.38
15.38	1650.22
15.39	1651.07
15.39	1651.92
15.39	1652.45
15.39	1653.30
15.43	1649.32
15.43	1650.16
15.47	1645.31
15.47	1645.98
15.47	1646.82
15.48	1647.66
15.48	1648.50
15.48	1649.34
15.48	1650.18
15.48	1651.02
15.48	1651.72
15.48	1652.56
15.52	1648.61
15.57	1642.65
15.57	1643.48
15.57	1644.18
15.57	1645.01
15.61	1641.12
15.61	1641.95
15.61	1642.78
15.67	1636.59
15.67	1637.42
15.67	1638.24
15.67	1639.07
15.70	1635.55
15.70	1636.38
15.76	1630.26
15.78	1628.71
15.80	1627.13
15.80	1627.95
15.87	1619.57
15.87	1620.38
15.87	1621.20
15.89	1619.80
15.89	1620.62
15.96	1612.34
15.96	1613.15
15.98	1611.78
15.98	1612.59
15.98	1613.40
16.00	1612.33
16.05	1606.18
16.05	1606.99
16.07	1605.63
16.07	1606.43
16.07	1607.24
16.09	1606.34
16.09	1607.15
16.14	1601.06
16.15	1601.86
16.16	1600.53
16.17	1601.32
16.18	1600.44
16.18	1601.24
16.18	1602.04
16.22	1598.42
16.24	1596.97
16.24	1597.76
16.26	1596.44
16.26	1597.23
16.27	1596.36
16.27	1597.15
16.27	1597.94
16.31	1594.52
16.31	1595.31
16.33	1593.87
16.33	1594.66
16.35	1593.35
16.35	1594.14
16.36	1593.27
16.37	1594.06
16.40	1590.67
16.40	1591.45
16.40	1592.24
16.42	1590.96
16.42	1591.75
16.44	1590.57
16.44	1591.35
16.46	1590.38
16.46	1591.16
16.49	1587.80
16.49	1588.58
16.49	1589.36
16.50	1590.14
16.50	1590.92
16.51	1589.80
16.51	1590.58
16.53	1589.41
16.53	1590.19
16.55	1589.37
16.58	1585.89
16.58	1586.67
16.59	1587.44
16.59	1588.21
16.59	1588.99
16.59	1589.76
16.59	1590.53
16.61	1589.57
16.61	1590.35
16.62	1589.19
16.63	1589.96
16.66	1586.99
16.68	1585.69
16.68	1586.46
16.68	1587.23
16.68	1588.00
16.68	1588.77
16.68	1589.54
16.68	1590.30
16.70	1589.49
16.70	1590.26
16.72	1589.11
16.72	1589.88
16.75	1586.93
16.75	1587.69
16.77	1586.40
16.77	1587.17
16.77	1587.93
16.77	1588.69
16.77	1589.46
16.77	1590.22
16.78	1590.98
16.79	1590.32
16.79	1591.08
16.81	1589.94
16.81	1590.70
16.84	1587.77
16.84	1588.53
16.86	1587.25
16.86	1588.01
16.86	1588.77
16.86	1589.52
16.86	1590.28
16.87	1591.04
16.87	1591.80
16.87	1592.55
16.87	1593.31
16.88	1592.94
16.90	1591.66
16.90	1592.42
16.93	1589.50
16.93	1590.25
16.95	1588.98
16.95	1589.73
16.95	1590.48
16.95	1591.24
16.96	1591.99
16.96	1592.74
16.96	1593.49
16.96	1594.10
16.96	1594.86
16.96	1595.61
16.99	1593.38
16.99	1594.13
17.02	1591.20
17.02	1591.95
17.04	1590.69
17.04	1591.43
17.04	1592.18
17.05	1592.93
17.05	1593.67
17.05	1594.42
17.05	1595.17
17.05	1595.92
17.05	1596.52
17.08	1594.17
17.14	1588.41
17.14	1589.02
17.14	1589.76
17.14	1590.50
17.14	1591.24
17.17	1588.78
17.17	1589.52
17.17	1590.26
17.23	1584.84
17.23	1585.30
17.23	1586.04
17.23	1586.77
17.24	1587.51
17.24	1588.25
17.26	1585.94
17.27	1586.68
17.32	1581.20
17.32	1581.77
17.32	1582.50
17.33	1583.23
17.33	1583.97
17.33	1584.70
17.33	1585.43
17.36	1583.15
17.36	1583.88
17.41	1578.28
17.42	1579.01
17.42	1579.74
17.42	1580.47
17.42	1581.20
17.42	1581.93
17.42	1582.65
17.43	1582.42
17.45	1581.25
17.45	1581.98
17.51	1576.43
17.51	1577.15
17.51	1577.88
17.51	1578.60
17.51	1579.32
17.51	1580.05
17.51	1580.77
17.52	1580.68
17.52	1581.40
17.54	1580.24
17.54	1580.96
17.60	1575.45
17.60	1576.17
17.60	1576.89
17.60	1577.61
17.60	1578.33
17.60	1579.05
17.61	1578.96
17.61	1579.67
17.63	1578.53
17.63	1579.24
17.65	1578.10
17.69	1574.49
17.69	1575.20
17.69	1575.92
17.69	1576.63
17.70	1577.35
17.70	1578.06
17.70	1578.77
17.71	1578.82
17.71	1579.53
17.72	1578.39
17.79	1572.30
17.79	1573.01
17.79	1573.72
17.79	1574.43
17.80	1574.47
17.80	1575.18
17.87	1568.05
17.87	1568.76
17.88	1568.99
17.88	1569.56
17.88	1570.27
17.89	1570.31
17.96	1563.12
17.96	1563.82
17.97	1564.05
17.97	1564.75
17.97	1565.45
17.97	1566.16
17.97	1566.86
18.00	1564.98
18.05	1559.91
18.06	1560.01
18.07	1560.32
18.07	1561.01
18.09	1559.29
18.15	1554.27
18.16	1553.73
18.16	1554.43
18.16	1555.12
18.16	1555.81
18.19	1553.23
18.24	1549.52
18.25	1548.74
18.25	1549.42
18.27	1548.62
18.27	1549.31
18.30	1546.51
18.33	1544.82
18.34	1544.05
18.36	1543.13
18.41	1538.27
18.43	1537.01
18.44	1537.69
18.45	1536.90
18.45	1537.59
18.51	1532.90
18.53	1531.53
18.53	1532.21
18.54	1531.56
18.56	1530.42
18.56	1531.09
18.62	1526.46
18.62	1526.91
18.62	1527.59
18.63	1527.07
18.65	1525.94
18.65	1526.61
18.67	1525.61
18.71	1522.47
18.71	1523.15
18.73	1522.49
18.74	1521.52
18.75	1522.19
18.75	1522.85
18.76	1521.98
18.78	1520.87
18.80	1519.54
18.80	1520.21
18.84	1517.81
18.84	1518.48
18.84	1519.14
18.84	1519.81
18.85	1519.18
18.87	1518.08
18.89	1516.98
18.90	1517.43
18.90	1518.09
18.93	1515.71
18.93	1516.37
18.93	1517.03
18.93	1517.70
18.95	1517.19
18.98	1514.23
18.99	1514.68
18.99	1515.34
19.00	1514.70
19.02	1513.64
19.02	1514.29
19.02	1514.95
19.02	1515.61
19.03	1516.27
19.06	1514.15
19.09	1511.22
19.11	1510.16
19.11	1510.70
19.12	1511.35
19.12	1512.01
19.12	1512.66
19.17	1508.84
19.17	1509.49
19.20	1506.71
19.21	1507.26
19.21	1507.91
19.21	1508.56
19.21	1509.21
19.22	1508.73
19.26	1506.07
19.26	1506.72
19.26	1507.37
19.30	1504.62
19.30	1505.27
19.30	1505.92
19.30	1506.57
19.31	1506.06
19.33	1505.03
19.35	1504.09
19.35	1504.74
19.35	1505.38
19.39	1502.78
19.39	1503.42
19.39	1504.06
19.39	1504.71
19.41	1504.19
19.42	1503.17
19.44	1502.14
19.44	1502.78
19.45	1503.42
19.45	1504.07
19.48	1501.70
19.48	1502.34
19.48	1502.98
19.48	1503.62
19.50	1503.11
19.50	1503.75
19.53	1501.06
19.54	1501.69
19.54	1502.33
19.54	1502.97
19.54	1503.61
19.54	1504.24
19.57	1502.14
19.57	1502.66
19.57	1503.30
19.59	1502.79
19.59	1503.42
19.63	1500.68
19.63	1501.32
19.63	1501.95
19.63	1502.58
19.63	1503.22
19.63	1503.85
19.63	1504.49
19.63	1505.12
19.66	1503.31
19.67	1503.72
19.67	1504.35
19.68	1503.96
19.72	1501.12
19.72	1501.75
19.72	1502.38
19.72	1503.01
19.72	1503.64
19.72	1504.27
19.72	1504.90
19.73	1505.53
19.74	1505.29
19.75	1504.48
19.76	1504.77
19.76	1505.40
19.77	1505.11
19.81	1502.29
19.81	1502.81
19.81	1503.43
19.81	1504.06
19.82	1504.68
19.82	1505.31
19.82	1505.94
19.82	1506.56
19.83	1506.43
19.90	1500.29
19.91	1500.80
19.91	1501.43
19.91	1502.05
19.91	1502.67
19.92	1502.43
19.92	1503.06
19.92	1503.68
19.92	1504.30
19.99	1498.54
20.00	1498.94
20.00	1499.56
20.00	1500.18
20.00	1500.80
20.01	1500.56
20.01	1501.18
20.01	1501.80
20.02	1502.42
20.02	1503.04
20.09	1497.20
20.09	1497.81
20.09	1498.43
20.09	1499.05
20.10	1498.81
20.10	1499.43
20.11	1500.04
20.11	1500.66
20.11	1501.28
20.11	1501.89
20.11	1502.51
20.18	1496.92
20.18	1497.43
20.18	1498.04
20.19	1497.81
20.20	1498.42
20.20	1499.03
20.20	1499.64
20.20	1500.26
20.20	1500.87
20.20	1501.48
20.20	1502.09
20.20	1502.71
20.27	1497.15
20.27	1497.76
20.29	1497.53
20.29	1498.14
20.29	1498.75
20.29	1499.36
20.29	1499.97
20.29	1500.57
20.29	1501.18
20.29	1501.79
20.30	1502.40
20.30	1503.01
20.30	1503.62
20.37	1498.20
20.37	1498.80
20.38	1498.57
20.38	1499.18
20.38	1499.78
20.38	1500.39
20.38	1500.99
20.38	1501.60
20.39	1502.21
20.39	1502.81
20.39	1503.42
20.39	1504.02
20.39	1504.63
20.39	1505.23
20.46	1499.94
20.46	1500.54
20.47	1500.31
20.47	1500.92
20.47	1501.52
20.47	1502.12
20.48	1502.72
20.48	1503.32
20.48	1503.93
20.48	1504.53
20.48	1505.13
20.48	1505.73
20.48	1506.33
20.48	1506.94
20.48	1507.54
20.55	1502.37
20.55	1502.97
20.56	1502.74
20.56	1503.34
20.57	1503.94
20.57	1504.54
20.57	1505.14
20.57	1505.73
20.57	1506.33
20.57	1506.93
20.57	1507.53
20.57	1508.13
20.57	1508.73
20.58	1509.33
20.58	1509.92
20.61	1507.98
20.64	1505.48
20.64	1506.07
20.66	1505.84
20.66	1506.44
20.66	1507.03
20.66	1507.63
20.66	1508.23
20.66	1508.82
20.66	1509.42
20.66	1510.01
20.66	1510.61
20.67	1511.20
20.67	1511.80
20.67	1512.39
20.67	1512.99
20.70	1511.16
20.70	1511.75
20.74	1509.25
20.74	1509.84
20.75	1509.61
20.75	1510.20
20.75	1510.79
20.75	1511.39
20.75	1511.98
20.75	1512.57
20.75	1513.16
20.76	1513.75
20.76	1514.35
20.76	1514.94
20.76	1515.53
20.76	1516.12
20.76	1516.71
20.79	1514.99
20.83	1512.39
20.83	1512.98
20.84	1512.64
20.84	1513.23
20.84	1513.82
20.84	1514.41
20.84	1515.00
20.85	1515.59
20.85	1516.18
20.85	1516.76
20.85	1517.35
20.85	1517.94
20.85	1518.53
20.85	1519.12
20.85	1519.70
20.86	1520.29
20.88	1518.79
20.88	1519.37
20.92	1516.78
20.92	1517.36
20.93	1517.13
20.93	1517.61
20.94	1517.36
20.95	1517.94
20.95	1518.53
20.95	1519.11
20.97	1517.61
20.97	1518.20
21.01	1515.62
21.01	1516.20
21.02	1515.87
21.03	1516.45
21.03	1517.03
21.04	1516.99
21.04	1517.47
21.04	1518.05
21.05	1517.40
21.06	1517.25
21.10	1514.58
21.10	1515.16
21.12	1514.82
21.12	1515.40
21.12	1515.98
21.12	1516.56
21.12	1517.14
21.13	1517.10
21.13	1517.68
21.15	1517.03
21.15	1517.61
21.16	1517.56
21.20	1514.80
21.20	1515.38
21.21	1515.05
21.21	1515.62
21.21	1516.20
21.21	1516.78
21.21	1517.35
21.22	1517.41
21.22	1517.99
21.24	1517.35
21.24	1517.92
21.25	1517.87
21.25	1518.45
21.29	1515.70
21.29	1516.28
21.30	1515.95
21.30	1516.52
21.30	1517.09
21.30	1517.67
21.31	1518.24
21.31	1518.40
21.31	1518.98
21.33	1518.33
21.33	1518.91
21.34	1518.86
21.34	1519.43
21.38	1516.70
21.38	1517.27
21.39	1516.96
21.39	1517.51
21.39	1518.08
21.40	1518.65
21.40	1519.22
21.40	1519.79
21.40	1520.05
21.40	1520.62
21.42	1519.98
21.42	1520.55
21.43	1520.50
21.43	1521.07
21.47	1518.35
21.47	1518.92
21.48	1518.61
21.48	1519.18
21.49	1519.72
21.49	1520.29
21.49	1520.86
21.49	1521.42
21.49	1521.99
21.49	1522.35
21.50	1522.92
21.51	1522.73
21.51	1522.95
21.52	1522.80
21.52	1523.37
21.56	1520.65
21.56	1521.22
21.57	1520.91
21.58	1521.47
21.58	1522.01
21.58	1522.58
21.58	1523.14
21.58	1523.71
21.58	1524.27
21.58	1524.83
21.59	1525.20
21.59	1525.76
21.60	1525.22
21.60	1525.79
21.61	1525.74
21.65	1522.93
21.65	1523.49
21.67	1523.19
21.67	1523.75
21.67	1524.28
21.67	1524.85
21.67	1525.41
21.67	1525.97
21.67	1526.53
21.67	1527.09
21.68	1527.65
21.68	1528.11
21.68	1528.67
21.69	1528.13
21.69	1528.69
21.71	1527.86
21.76	1524.25
21.77	1524.71
21.77	1525.27
21.77	1525.73
21.77	1526.28
21.78	1525.75
21.79	1526.31
21.80	1525.48
21.80	1526.04
21.81	1526.59
21.85	1523.21
21.86	1523.57
21.86	1524.12
21.86	1524.58
21.86	1525.13
21.88	1524.61
21.88	1525.16
21.90	1524.34
21.90	1524.89
21.91	1524.16
21.92	1524.72
21.95	1522.83
21.95	1523.09
21.95	1523.64
21.95	1524.09
21.96	1524.64
21.97	1524.22
21.99	1523.30
21.99	1523.85
22.01	1523.13
22.01	1523.68
22.02	1522.86
22.03	1523.41
22.04	1523.11
22.04	1523.26
22.04	1523.81
22.06	1523.49
22.06	1523.84
22.06	1524.39
22.08	1523.57
22.10	1522.76
22.10	1523.30
22.12	1522.49
22.12	1523.04
22.12	1523.58
22.13	1522.88
22.14	1523.43
22.14	1523.98
22.15	1523.76
22.15	1524.10
22.15	1524.65
22.17	1524.13
22.19	1522.93
22.19	1523.47
22.19	1524.02
22.21	1523.31
22.21	1523.85
22.23	1523.15
22.23	1523.70
22.23	1524.24
22.23	1524.79
22.23	1525.33
22.24	1525.30
22.24	1525.55
22.24	1526.10
22.26	1525.68
22.28	1524.38
22.28	1524.92
22.30	1524.21
22.32	1523.42
22.32	1523.96
22.32	1524.51
22.32	1525.05
22.32	1525.59
22.32	1526.13
22.32	1526.67
22.33	1526.45
22.34	1526.99
22.35	1526.57
22.35	1527.11
22.37	1525.92
22.39	1525.34
22.41	1524.32
22.41	1524.86
22.41	1525.40
22.41	1525.94
22.41	1526.48
22.44	1524.82
22.48	1522.10
22.50	1521.42
22.50	1521.86
22.50	1522.39
22.50	1522.93
22.51	1523.47
22.51	1524.00
22.57	1519.58
22.57	1519.85
22.59	1519.17
22.59	1519.51
22.61	1519.03
22.67	1515.11
22.67	1515.64
22.69	1514.78
22.69	1515.31
22.69	1515.84
22.70	1515.56
22.76	1511.66
22.78	1510.71
22.78	1511.24
22.78	1511.77
22.78	1512.30
22.78	1512.83
22.81	1511.24
22.85	1508.87
22.87	1507.92
22.87	1508.36
22.87	1508.88
22.87	1509.41
22.87	1509.94
22.87	1510.46
22.90	1509.08
22.96	1505.24
22.96	1505.59
22.96	1506.12
22.96	1506.64
22.97	1507.17
22.97	1507.69
22.97	1508.22
22.97	1508.74
22.99	1507.55
23.05	1503.47
23.05	1504.00
23.06	1504.52
23.06	1505.04
23.06	1505.56
23.06	1506.09
23.06	1506.61
23.06	1507.13
23.08	1506.04
23.08	1506.56
23.15	1502.51
23.15	1503.03
23.15	1503.55
23.15	1504.07
23.15	1504.59
23.15	1505.11
23.15	1505.63
23.15	1506.15
23.15	1506.67
23.17	1505.76
23.23	1501.99
23.24	1502.16
23.24	1502.67
23.24	1503.19
23.24	1503.71
23.24	1504.23
23.24	1504.74
23.24	1505.26
23.25	1505.78
23.25	1506.30
23.26	1505.73
23.27	1506.10
23.32	1502.35
23.33	1502.41
23.33	1502.93
23.33	1503.26
23.34	1503.78
23.34	1504.29
23.34	1504.81
23.34	1505.32
23.34	1505.84
23.34	1506.35
23.35	1506.06
23.35	1506.58
23.37	1505.83
23.41	1503.30
23.42	1503.28
23.42	1503.79
23.43	1504.21
23.43	1504.63
23.43	1505.15
23.43	1505.66
23.43	1506.17
23.43	1506.68
23.43	1507.20
23.44	1507.71
23.45	1507.60
23.46	1506.76
23.47	1507.27
23.51	1504.84
23.52	1504.55
23.52	1505.06
23.52	1505.57
23.52	1506.08
23.52	1506.59
23.52	1507.10
23.52	1507.61
23.53	1508.12
23.53	1508.63
23.53	1509.14
23.53	1509.65
23.56	1508.29
23.56	1508.80
23.60	1506.37
23.60	1506.88
23.61	1506.68
23.61	1507.10
23.61	1507.60
23.61	1508.11
23.61	1508.62
23.62	1509.13
23.62	1509.64
23.62	1510.05
23.62	1510.56
23.62	1511.07
23.64	1510.51
23.65	1510.31
23.65	1510.81
23.69	1508.49
23.70	1508.19
23.70	1508.70
23.70	1509.11
23.70	1509.62
23.71	1510.13
23.71	1510.63
23.71	1511.14
23.71	1511.64
23.71	1512.15
23.71	1512.65
23.71	1513.16
23.71	1513.66
23.73	1513.19
23.74	1512.99
23.78	1510.81
23.80	1509.57
23.80	1510.07
23.80	1510.58
23.80	1511.08
23.81	1511.58
23.81	1512.09
23.82	1511.71
23.83	1511.51
23.87	1509.34
23.87	1509.84
23.89	1508.52
23.90	1509.02
23.90	1509.52
23.90	1510.02
23.90	1510.52
23.91	1510.24
23.91	1510.74
23.92	1510.63
23.96	1508.48
23.98	1507.66
23.98	1508.16
23.99	1508.16
23.99	1508.66
23.99	1509.07
23.99	1509.56
23.99	1510.06
24.00	1509.95
24.01	1509.76
24.01	1510.26
24.05	1508.20
24.07	1507.39
24.07	1507.89
24.08	1507.80
24.08	1508.29
24.08	1508.79
24.08	1509.28
24.08	1509.78
24.09	1509.67
24.09	1510.17
24.10	1510.06
24.14	1507.93
24.14	1508.42
24.16	1507.70
24.16	1508.20
24.17	1508.02
24.17	1508.51
24.17	1509.01
24.18	1509.50
24.18	1510.00
24.19	1509.89
24.19	1510.38
24.19	1510.88
24.19	1511.37
24.21	1510.14
24.23	1509.40
24.25	1508.59
24.25	1509.08
24.26	1508.82
24.27	1509.31
24.27	1509.80
24.27	1510.30
24.27	1510.79
24.28	1510.68
24.28	1511.17
24.28	1511.66
24.28	1512.15
24.28	1512.65
24.28	1513.14
24.31	1512.17
24.34	1510.05
24.34	1510.54
24.34	1511.03
24.36	1510.77
24.36	1511.26
24.36	1511.75
24.36	1512.24
24.37	1512.04
24.37	1512.53
24.37	1513.02
24.37	1513.51
24.38	1514.00
24.38	1514.49
24.38	1514.98
24.40	1514.18
24.43	1511.99
24.44	1512.47
24.45	1512.12
24.45	1512.61
24.45	1513.10
24.45	1513.59
24.45	1514.07
24.45	1514.56
24.46	1514.54
24.53	1510.47
24.53	1510.96
24.54	1510.70
24.54	1511.10
24.54	1511.58
24.54	1512.07
24.55	1512.55
24.56	1512.19
24.59	1510.46
24.59	1510.94
24.62	1509.63
24.63	1509.28
24.63	1509.76
24.63	1510.16
24.64	1510.64
24.64	1511.13
24.64	1511.61
24.65	1511.33
24.68	1509.53
24.68	1510.01
24.69	1510.49
24.71	1509.36
24.72	1509.01
24.73	1509.32
24.73	1509.80
24.73	1510.28
24.73	1510.76
24.74	1510.49
24.74	1510.97
24.78	1509.17
24.78	1509.65
24.78	1510.13
24.80	1509.09
24.80	1509.57
24.81	1509.31
24.82	1509.53
24.82	1510.01
24.82	1510.49
24.82	1510.97
24.83	1510.78
24.85	1510.00
24.87	1509.38
24.87	1509.86
24.87	1510.34
24.89	1509.81
24.89	1509.94
24.91	1509.60
24.91	1510.08
24.91	1510.30
24.91	1510.78
24.91	1511.26
24.91	1511.73
24.92	1511.63
24.94	1510.85
24.96	1510.24
24.96	1510.63
24.96	1511.10
24.96	1511.58
24.98	1511.22
25.00	1510.45
25.00	1510.93
25.00	1511.15
25.00	1511.63
25.00	1512.10
25.01	1512.57
25.02	1512.47
25.02	1512.95
25.03	1512.25
25.05	1511.64
25.05	1511.95
25.06	1512.42
25.06	1512.89
25.07	1512.54
25.09	1511.84
25.09	1512.32
25.09	1512.79
25.09	1513.02
25.10	1513.49
25.10	1513.97
25.10	1514.44
25.11	1514.33
25.11	1514.81
25.14	1512.86
25.15	1513.34
25.15	1513.81
25.15	1514.28
25.15	1514.75
25.15	1515.22
25.16	1515.03
25.18	1514.34
25.18	1514.73
25.18	1515.20
25.19	1515.43
25.19	1515.90
25.19	1516.37
25.19	1516.84
25.20	1516.74
25.20	1517.21
25.24	1515.27
25.24	1515.74
25.24	1516.21
25.24	1516.68
25.24	1517.15
25.24	1517.62
25.24	1518.08
25.25	1518.06
25.27	1517.37
25.27	1517.67
25.28	1518.14
25.28	1518.37
25.28	1518.84
25.28	1519.31
25.29	1519.12
25.29	1519.59
25.30	1520.05
25.33	1518.20
25.33	1518.67
25.33	1519.14
25.33	1519.60
25.33	1520.07
25.34	1520.54
25.34	1521.01
25.34	1521.07
25.34	1521.53
25.36	1520.93
25.37	1521.14
25.37	1521.61
25.37	1521.92
25.37	1522.30
25.37	1522.77
25.38	1522.66
25.39	1523.04
25.39	1523.51
25.42	1521.66
25.42	1522.13
25.42	1522.59
25.43	1523.06
25.43	1523.52
25.43	1523.99
25.43	1524.45
25.43	1524.60
25.44	1525.06
25.45	1524.45
25.45	1524.92
25.46	1525.13
25.46	1525.59
25.46	1525.99
25.47	1526.28
25.47	1526.75
25.48	1526.72
25.48	1527.02
25.48	1527.48
25.51	1525.72
25.52	1526.10
25.52	1526.56
25.52	1527.03
25.52	1527.49
25.52	1527.95
25.52	1528.41
25.52	1528.88
25.53	1529.19
25.54	1528.49
25.55	1528.96
25.55	1529.17
25.55	1529.63
25.55	1530.02
25.55	1530.48
25.56	1530.78
25.56	1531.24
25.57	1531.30
25.57	1531.51
25.57	1531.97
25.60	1530.29
25.61	1530.58
25.61	1531.04
25.61	1531.51
25.61	1531.97
25.61	1532.43
25.61	1532.89
25.62	1533.35
25.62	1533.81
25.64	1533.04
25.64	1533.50
25.64	1533.71
25.64	1534.17
25.64	1534.56
25.65	1535.02
25.65	1535.31
25.65	1535.77
25.66	1535.83
25.66	1536.29
25.66	1536.50
25.66	1536.96
25.70	1535.36
25.70	1535.57
25.70	1536.03
25.70	1536.49
25.70	1536.95
25.71	1537.41
25.71	1537.86
25.71	1538.32
25.71	1538.78
25.72	1538.25
25.73	1538.56
25.73	1539.02
25.73	1539.22
25.74	1539.53
25.74	1539.98
25.74	1540.36
25.75	1540.33
25.75	1540.79
25.75	1540.99
25.76	1541.45
25.79	1539.86
25.79	1540.31
25.79	1540.52
25.79	1540.97
25.80	1541.43
25.80	1541.89
25.80	1542.34
25.80	1542.80
25.80	1543.26
25.80	1543.71
25.82	1543.18
25.82	1543.57
25.82	1544.02
25.83	1543.99
25.83	1544.45
25.83	1544.90
25.83	1545.36
25.83	1545.81
25.84	1545.78
25.89	1542.94
25.89	1543.31
25.89	1543.77
25.91	1543.33
25.91	1543.63
25.91	1544.08
25.92	1544.13
25.92	1544.50
25.92	1544.96
25.92	1545.41
25.93	1545.86
25.93	1545.92
25.93	1546.37
25.98	1543.46
25.98	1543.91
26.00	1543.47
26.00	1543.92
26.00	1544.22
26.00	1544.67
26.01	1544.80
26.01	1545.09
26.02	1545.54
26.02	1545.99
26.02	1546.44
26.02	1546.58
26.04	1545.81
26.04	1546.26
26.08	1544.66
26.09	1544.14
26.09	1544.59
26.10	1544.89
26.10	1545.34
26.10	1545.47
26.10	1545.92
26.11	1546.21
26.11	1546.66
26.11	1547.10
26.11	1547.55
26.12	1547.77
26.13	1547.00
26.14	1547.45
26.15	1546.76
26.18	1545.62
26.18	1545.87
26.19	1546.08
26.19	1546.53
26.19	1546.58
26.20	1547.03
26.20	1547.48
26.20	1547.92
26.20	1548.29
26.20	1548.74
26.21	1548.95
26.21	1549.40
26.23	1548.71
26.23	1549.16
26.24	1548.47
26.26	1547.71
26.27	1547.58
26.27	1548.03
26.29	1547.68
26.29	1548.13
26.29	1548.57
26.29	1549.02
26.29	1549.46
26.29	1549.91
26.29	1550.36
26.30	1550.80
26.30	1551.18
26.32	1550.41
26.32	1550.86
26.32	1551.30
26.34	1550.70
26.35	1549.93
26.37	1549.73
26.37	1550.17
26.37	1550.61
26.38	1550.35
26.38	1550.79
26.38	1551.24
26.38	1551.68
26.38	1552.13
26.39	1552.57
26.39	1553.01
26.39	1553.46
26.41	1552.62
26.41	1552.99
26.41	1553.43
26.41	1553.87
26.41	1554.32
26.45	1552.67
26.46	1552.38
26.46	1552.82
26.46	1553.26
26.47	1553.00
26.47	1553.44
26.47	1553.88
26.48	1554.32
26.48	1554.76
26.48	1555.21
26.48	1555.65
26.48	1556.09
26.48	1556.53
26.50	1555.70
26.50	1556.14
26.50	1556.58
26.50	1557.02
26.52	1556.66
26.55	1555.01
26.55	1555.45
26.55	1555.89
26.56	1555.62
26.57	1556.06
26.57	1556.50
26.57	1556.94
26.57	1557.38
26.57	1557.82
26.57	1558.26
26.57	1558.70
26.57	1559.14
26.58	1559.58
26.59	1558.83
26.60	1559.27
26.60	1559.71
26.60	1560.15
26.60	1560.59
26.63	1559.11
26.64	1558.74
26.64	1559.09
26.67	1558.10
26.67	1558.54
26.69	1557.87
26.69	1558.23
26.69	1558.67
26.69	1559.10
26.69	1559.54
26.73	1557.26
26.73	1557.70
26.75	1557.02
26.75	1557.46
26.76	1557.66
26.78	1556.90
26.78	1557.27
26.78	1557.71
26.78	1558.14
26.78	1558.58
26.80	1558.23
26.83	1556.75
26.83	1557.18
26.84	1556.51
26.85	1556.94
26.85	1557.38
26.86	1556.86
26.87	1556.84
26.87	1557.27
26.87	1557.71
26.87	1558.14
26.89	1557.77
26.91	1557.04
26.92	1556.75
26.92	1557.18
26.94	1556.51
26.94	1556.94
26.95	1556.42
26.96	1556.41
26.96	1556.84
26.96	1557.20
26.97	1557.63
27.00	1556.08
27.01	1555.73
27.01	1556.16
27.01	1556.60
27.03	1556.01
27.03	1556.44
27.05	1555.47
27.05	1555.91
27.06	1556.26
27.06	1556.69
27.07	1556.26
27.10	1554.80
27.14	1552.51
27.14	1552.94
27.15	1553.29
27.15	1553.72
27.16	1553.29
27.16	1553.72
27.17	1554.15
27.19	1552.86
27.23	1550.58
27.24	1550.85
27.24	1551.28
27.25	1550.86
27.26	1551.29
27.26	1551.71
27.26	1552.14
27.26	1552.57
27.30	1550.20
27.33	1549.18
27.33	1549.37
27.33	1549.79
27.35	1549.45
27.35	1549.80
27.35	1550.23
27.35	1550.65
27.35	1551.08
27.35	1551.50
27.39	1549.30
27.42	1548.28
27.43	1547.82
27.44	1548.06
27.44	1548.40
27.44	1548.83
27.44	1549.25
27.44	1549.67
27.44	1550.10
27.44	1550.52
27.49	1548.41
27.51	1547.39
27.52	1546.94
27.53	1547.01
27.53	1547.44
27.53	1547.86
27.53	1548.28
27.53	1548.71
27.54	1549.13
27.54	1549.55
27.58	1547.52
27.58	1547.95
27.62	1545.79
27.62	1546.14
27.63	1546.25
27.65	1545.60
27.67	1544.58
27.67	1545.00
27.71	1542.78
27.71	1543.20
27.71	1543.62
27.73	1543.21
27.74	1543.25
27.76	1542.15
27.76	1542.57
27.81	1540.36
27.81	1540.78
27.82	1540.63
27.82	1541.05
27.82	1541.36
27.84	1540.65
27.85	1540.31
27.90	1537.97
27.90	1538.38
27.91	1538.23
27.91	1538.65
27.91	1539.06
27.93	1538.58
27.93	1538.82
27.94	1538.49
27.99	1536.15
28.00	1535.93
28.00	1536.34
28.00	1536.76
28.05	1534.01
28.08	1532.89
28.09	1532.66
28.09	1533.00
28.09	1533.41
28.10	1533.83
28.16	1530.07
28.18	1529.42
28.18	1529.83
28.19	1530.17
28.19	1530.58
28.20	1530.42
28.20	1530.84
28.26	1527.82
28.27	1527.17
28.28	1527.44
28.28	1527.85
28.29	1527.69
28.29	1528.10
28.29	1528.51
28.31	1527.97
28.35	1526.07
28.37	1525.43
28.37	1525.62
28.37	1526.02
28.38	1525.94
28.38	1526.28
28.38	1526.69
28.39	1527.10
28.40	1526.71
28.46	1523.69
28.46	1524.10
28.46	1524.29
28.46	1524.70
28.47	1524.69
28.48	1524.95
28.48	1525.36
28.48	1525.77
28.49	1525.45
28.51	1524.77
28.55	1522.93
28.55	1523.05
28.55	1523.45
28.56	1523.45
28.56	1523.85
28.57	1524.11
28.57	1524.52
28.57	1524.93
28.58	1524.69
28.60	1524.01
28.62	1523.33
28.64	1522.29
28.65	1522.70
28.65	1522.69
28.66	1523.10
28.66	1523.35
28.66	1523.76
28.66	1524.16
28.66	1524.57
28.66	1524.97
28.69	1523.73
28.71	1523.05
28.73	1522.38
28.74	1522.42
28.74	1522.83
28.75	1522.82
28.75	1523.22
28.75	1523.48
28.75	1523.88
28.75	1524.29
28.75	1524.69
28.76	1525.09
28.76	1525.50
28.80	1523.25
28.82	1522.58
28.83	1522.62
28.83	1523.03
28.84	1522.95
28.84	1523.35
28.84	1523.75
28.84	1524.08
28.84	1524.48
28.85	1524.88
28.85	1525.29
28.85	1525.69
28.85	1526.09
28.85	1526.49
28.91	1523.26
28.92	1523.30
28.92	1523.70
28.93	1523.55
28.93	1523.95
28.93	1524.35
28.93	1524.75
28.94	1525.15
28.94	1525.55
28.94	1525.95
28.94	1526.28
28.94	1526.68
28.94	1527.08
28.94	1527.48
28.98	1526.09
29.01	1524.44
29.01	1524.83
29.02	1524.67
29.02	1525.07
29.03	1525.47
29.03	1525.87
29.03	1526.27
29.03	1526.67
29.03	1527.07
29.03	1527.33
29.03	1527.73
29.04	1528.13
29.04	1528.53
29.04	1528.93
29.04	1529.33
29.07	1528.15
29.10	1526.43
29.10	1526.83
29.12	1526.67
29.12	1527.07
29.12	1527.46
29.12	1527.86
29.12	1528.26
29.12	1528.66
29.13	1528.85
29.13	1529.25
29.13	1529.65
29.13	1530.04
29.13	1530.44
29.13	1530.84
29.13	1531.23
29.13	1531.63
29.16	1530.67
29.20	1528.89
29.20	1529.28
29.21	1529.12
29.21	1529.52
29.21	1529.91
29.21	1530.31
29.21	1530.70
29.21	1531.10
29.21	1531.50
29.22	1531.76
29.22	1532.16
29.22	1532.55
29.22	1532.95
29.22	1533.34
29.22	1533.74
29.23	1534.13
29.23	1534.53
29.25	1533.64
29.29	1531.86
29.30	1531.55
29.30	1531.95
29.30	1532.34
29.30	1532.74
29.30	1533.13
29.31	1533.52
29.31	1533.92
29.31	1534.31
29.31	1534.71
29.31	1535.10
29.31	1535.50
29.31	1535.89
29.31	1536.28
29.32	1536.68
29.32	1537.07
29.32	1537.47
29.34	1536.59
29.34	1536.99
29.38	1535.27
29.39	1534.97
29.39	1535.29
29.39	1535.68
29.40	1536.07
29.40	1536.47
29.40	1536.86
29.40	1537.25
29.40	1537.65
29.41	1537.82
29.41	1538.22
29.41	1538.61
29.41	1539.00
29.41	1539.39
29.41	1539.79
29.41	1540.18
29.41	1540.57
29.43	1539.98
29.43	1540.38
29.47	1538.66
29.47	1539.06
29.48	1538.82
29.49	1539.07
29.49	1539.46
29.49	1539.85
29.49	1540.24
29.49	1540.63
29.49	1541.03
29.49	1541.42
29.49	1541.81
29.50	1542.06
29.50	1542.45
29.50	1542.84
29.50	1543.23
29.50	1543.62
29.50	1544.01
29.51	1544.40
29.51	1544.79
29.52	1544.28
29.56	1542.49
29.56	1542.88
29.57	1542.65
29.58	1543.04
29.58	1543.28
29.58	1543.67
29.58	1544.06
29.58	1544.45
29.59	1544.70
29.59	1545.09
29.59	1545.48
29.59	1545.87
29.59	1546.26
29.59	1546.65
29.59	1547.04
29.59	1547.43
29.60	1547.82
29.60	1548.21
29.60	1548.59
29.60	1548.98
29.60	1549.37
29.63	1548.27
29.65	1547.22
29.67	1546.91
29.67	1547.29
29.67	1547.54
29.67	1547.93
29.67	1548.32
29.67	1548.70
29.68	1548.95
29.68	1549.27
29.68	1549.65
29.68	1550.04
29.68	1550.43
29.68	1550.82
29.69	1551.21
29.69	1551.59
29.69	1551.91
29.69	1552.30
29.69	1552.69
29.69	1553.07
29.69	1553.46
29.70	1553.36
29.74	1551.84
29.74	1551.90
29.76	1551.59
29.76	1551.77
29.76	1552.15
29.76	1552.54
29.76	1552.93
29.77	1553.17
29.77	1553.56
29.77	1553.87
29.77	1554.26
29.77	1554.64
29.83	1551.93
29.85	1551.26
29.85	1551.40
29.85	1551.79
29.85	1552.17
29.86	1552.56
29.86	1552.73
29.86	1553.12
29.86	1553.50
29.86	1553.89
29.87	1554.27
29.90	1552.41
29.91	1552.80
29.92	1552.47
29.94	1551.49
29.94	1551.88
29.95	1552.26
29.95	1552.65
29.95	1552.75
29.95	1553.13
29.96	1553.52
29.96	1553.90
29.96	1554.28
29.97	1553.97
30.00	1552.89
30.00	1553.27
30.00	1553.65
