3.59	0.00
3.68	4.97
3.77	4.09
3.88	4.05
3.98	4.07
4.07	4.09
4.10	4.56
4.16	4.83
4.19	5.20
4.20	5.81
4.21	6.26
4.25	6.52
4.28	6.77
4.29	7.30
4.29	7.82
4.30	8.19
4.31	8.70
4.34	8.78
4.38	8.92
4.38	9.38
4.38	9.84
4.38	10.29
4.39	10.74
4.40	11.06
4.40	11.50
4.40	11.94
4.44	11.90
4.47	11.97
4.47	12.44
4.47	12.92
4.47	13.39
4.48	13.86
4.48	14.33
4.48	14.79
4.48	15.25
4.49	15.65
4.49	16.11
4.49	16.56
4.50	17.01
4.53	16.91
4.53	17.35
4.54	17.56
4.56	17.81
4.56	18.17
4.56	18.51
4.57	18.86
4.57	19.21
4.57	19.55
4.57	19.90
4.58	20.24
4.58	20.58
4.58	20.92
4.58	21.25
4.58	21.59
4.59	21.92
4.59	22.25
4.59	22.58
4.59	22.91
4.60	23.24
4.60	23.56
4.65	22.78
4.65	23.12
4.66	23.46
4.66	23.82
4.66	24.21
4.66	24.64
4.66	25.03
4.66	25.39
4.67	25.75
4.67	26.11
4.67	26.46
4.67	26.82
4.68	27.17
4.68	27.52
4.68	27.87
4.68	28.22
4.69	28.57
4.69	28.91
4.69	29.26
4.69	29.60
4.70	29.94
4.70	30.28
4.70	30.62
4.74	29.89
4.74	30.22
4.75	30.54
4.75	30.86
4.75	31.19
4.75	31.53
4.76	31.94
4.76	32.36
4.76	32.82
4.79	32.53
4.79	32.78
4.79	33.04
4.83	32.23
4.84	32.47
4.84	32.72
4.84	32.96
4.84	33.21
4.88	32.61
4.88	32.87
4.88	33.13
4.88	33.41
4.89	33.64
4.92	33.05
4.93	33.27
4.93	33.50
4.93	33.73
4.93	33.95
4.94	34.18
4.97	33.62
4.97	33.84
4.97	34.06
4.98	34.28
4.98	34.44
4.98	34.68
5.02	34.21
5.02	34.42
5.02	34.63
5.02	34.84
5.03	35.05
5.03	35.26
5.03	35.47
5.06	34.95
5.06	35.15
5.07	35.35
5.07	35.55
5.07	35.70
5.08	35.90
5.11	35.38
5.11	35.60
5.11	35.82
5.12	36.04
5.12	36.23
5.12	36.42
5.12	36.62
5.15	36.13
5.16	36.32
5.16	36.51
5.16	36.70
5.17	36.83
5.17	37.02
5.20	36.51
5.20	36.72
5.21	36.94
5.21	37.16
5.21	37.43
5.21	37.70
5.21	37.90
5.22	38.10
5.22	38.33
5.25	37.86
5.25	38.04
5.25	38.22
5.25	38.39
5.26	38.51
5.26	38.69
5.29	38.17
5.30	38.35
5.30	38.52
5.30	38.69
5.30	38.86
5.31	39.04
5.31	39.25
5.34	38.81
5.34	38.97
5.34	39.14
5.35	39.30
5.35	39.41
5.35	39.58
5.39	39.08
5.39	39.24
5.39	39.40
5.39	39.56
5.40	39.72
5.40	39.88
5.40	40.04
5.41	40.02
5.43	39.82
5.43	40.00
5.44	40.17
5.44	40.34
5.44	40.46
5.45	40.63
5.48	40.16
5.48	40.32
5.48	40.49
5.49	40.66
5.49	40.83
5.49	41.00
5.49	41.16
5.50	41.15
5.52	40.97
5.53	41.14
5.58	40.36
5.58	40.49
5.58	40.65
5.58	40.81
5.60	40.80
5.61	40.62
5.62	40.75
5.63	40.66
5.67	40.10
5.67	40.25
5.68	40.41
5.69	40.40
5.71	40.21
5.71	40.33
5.72	40.24
5.74	40.06
5.76	39.87
5.77	40.00
5.77	40.13
5.78	40.11
5.80	39.97
5.80	40.08
5.82	40.00
5.83	39.83
5.85	39.66
5.86	39.81
5.86	39.96
5.86	40.13
5.87	40.14
5.89	39.95
5.91	39.90
5.93	39.72
5.95	39.57
5.95	39.71
5.95	39.85
5.95	39.98
5.96	39.99
5.97	40.14
5.98	40.02
6.00	39.94
6.02	39.81
6.04	39.68
6.06	39.53
6.07	39.41
6.09	39.33
6.11	39.22
6.13	39.08
6.15	38.96
6.15	39.08
6.17	38.97
6.18	38.87
6.20	38.78
6.22	38.64
6.24	38.52
6.24	38.64
6.27	38.33
6.29	38.26
6.31	38.15
6.33	38.08
6.33	38.21
6.33	38.35
6.37	38.07
6.38	38.00
6.42	37.57
6.44	37.53
6.46	37.43
6.48	37.35
6.52	36.95
6.53	36.92
6.55	36.82
6.57	36.73
6.61	36.34
6.62	36.31
6.64	36.23
6.66	36.15
6.68	36.05
6.70	35.89
6.71	35.88
6.73	35.79
6.75	35.72
6.77	35.63
6.79	35.48
6.81	35.46
6.82	35.39
6.84	35.32
6.86	35.24
6.88	35.09
6.90	35.07
6.90	35.17
6.91	35.12
6.93	35.05
6.95	34.97
6.97	34.89
6.99	34.80
6.99	34.89
7.00	34.89
7.02	34.83
7.04	34.76
7.08	34.49
7.13	34.10
7.17	33.87
7.17	33.97
7.19	33.95
7.26	33.39
7.27	33.48
7.30	33.27
7.36	32.90
7.36	32.97
7.39	32.78
7.39	32.88
7.45	32.54
7.45	32.64
7.49	32.46
7.49	32.54
7.54	32.20
7.54	32.28
7.58	32.08
7.61	31.92
7.63	31.88
7.63	31.96
7.67	31.80
7.67	31.88
7.70	31.75
7.76	31.41
7.76	31.48
7.80	31.32
7.83	31.14
7.85	31.09
7.86	31.15
7.89	31.01
7.92	30.85
7.94	30.81
7.95	30.88
7.98	30.74
8.00	30.71
8.02	30.68
8.03	30.64
8.04	30.70
8.05	30.70
8.07	30.66
8.09	30.64
8.09	30.72
8.13	30.54
8.18	30.31
8.18	30.38
8.22	30.25
8.22	30.31
8.24	30.32
8.27	30.17
8.27	30.24
8.28	30.31
8.31	30.17
8.33	30.17
8.36	30.04
8.37	30.11
8.37	30.18
8.37	30.25
8.41	30.12
8.42	30.13
8.46	29.94
8.50	29.81
8.51	29.82
8.51	29.89
8.55	29.71
8.59	29.58
8.60	29.57
8.61	29.65
8.65	29.50
8.68	29.41
8.68	29.46
8.69	29.48
8.70	29.54
8.70	29.61
8.74	29.48
8.77	29.37
8.77	29.41
8.79	29.41
8.79	29.47
8.79	29.53
8.86	29.23
8.87	29.27
8.88	29.26
8.88	29.32
8.88	29.38
8.89	29.44
8.96	29.13
8.97	29.13
8.97	29.19
8.98	29.25
8.98	29.30
8.98	29.36
9.05	29.07
9.06	29.08
9.07	29.13
9.07	29.20
9.07	29.27
9.07	29.34
9.07	29.40
9.14	29.11
9.15	29.11
9.16	29.18
9.16	29.25
9.16	29.33
9.16	29.41
9.17	29.48
9.17	29.55
9.23	29.28
9.25	29.28
9.25	29.34
9.25	29.39
9.25	29.45
9.26	29.50
9.26	29.56
9.26	29.63
9.33	29.38
9.34	29.37
9.34	29.43
9.34	29.48
9.35	29.53
9.35	29.59
9.35	29.65
9.35	29.71
9.42	29.46
9.43	29.46
9.43	29.52
9.44	29.58
9.44	29.64
9.44	29.70
9.44	29.77
9.45	29.83
9.53	29.47
9.53	29.53
9.54	29.59
9.54	29.64
9.54	29.69
9.62	29.36
9.62	29.41
9.63	29.47
9.63	29.53
9.63	29.58
9.63	29.63
9.72	29.30
9.72	29.35
9.72	29.41
9.72	29.47
9.72	29.53
9.73	29.59
9.81	29.27
9.81	29.33
9.81	29.39
9.82	29.43
9.82	29.50
9.90	29.21
9.90	29.26
9.90	29.32
9.91	29.35
9.91	29.41
9.91	29.47
9.92	29.54
9.99	29.27
9.99	29.32
10.00	29.38
10.00	29.43
10.00	29.48
10.01	29.54
10.01	29.59
10.01	29.65
10.04	29.60
10.08	29.43
10.09	29.48
10.09	29.51
10.10	29.57
10.10	29.62
10.10	29.67
10.10	29.73
10.18	29.46
10.18	29.52
10.19	29.55
10.19	29.61
10.19	29.67
10.19	29.74
10.20	29.81
10.20	29.87
10.28	29.58
10.28	29.63
10.28	29.68
10.29	29.73
10.29	29.78
10.29	29.84
10.37	29.54
10.38	29.59
10.38	29.63
10.38	29.68
10.46	29.40
10.47	29.45
10.48	29.48
10.56	29.19
10.56	29.23
10.57	29.26
10.58	29.25
10.65	29.04
10.65	29.08
10.66	29.11
10.68	29.10
10.74	28.89
10.75	28.93
10.75	28.95
10.77	28.95
10.78	28.95
10.83	28.79
10.84	28.83
10.84	28.85
10.86	28.85
10.87	28.85
10.93	28.67
10.94	28.70
10.95	28.69
10.96	28.70
11.02	28.53
11.02	28.57
11.03	28.62
11.03	28.67
11.04	28.68
11.05	28.69
11.11	28.52
11.12	28.56
11.12	28.60
11.12	28.64
11.14	28.64
11.14	28.65
11.15	28.71
11.20	28.54
11.21	28.58
11.21	28.62
11.21	28.66
11.23	28.66
11.24	28.67
11.24	28.72
11.30	28.56
11.30	28.60
11.30	28.64
11.30	28.68
11.32	28.68
11.33	28.69
11.33	28.73
11.35	28.72
11.39	28.62
11.39	28.66
11.39	28.70
11.40	28.74
11.41	28.73
11.42	28.75
11.42	28.79
11.44	28.78
11.48	28.67
11.48	28.71
11.49	28.75
11.49	28.79
11.50	28.79
11.51	28.80
11.52	28.84
11.53	28.83
11.57	28.73
11.57	28.78
11.58	28.83
11.58	28.89
11.58	28.94
11.58	28.99
11.60	29.00
11.60	29.02
11.61	29.06
11.62	29.05
11.62	29.10
11.66	29.00
11.70	28.94
11.71	28.93
11.72	28.97
11.76	28.87
11.78	28.84
11.79	28.85
11.80	28.85
11.81	28.89
11.85	28.79
11.87	28.76
11.88	28.77
11.88	28.81
11.90	28.82
11.90	28.86
11.94	28.78
11.96	28.75
11.97	28.76
11.97	28.80
11.98	28.83
11.99	28.84
11.99	28.88
12.03	28.80
12.05	28.77
12.06	28.77
12.07	28.81
12.07	28.85
12.07	28.89
12.08	28.89
12.08	28.93
12.14	28.77
12.15	28.78
12.16	28.82
12.16	28.85
12.16	28.89
12.16	28.93
12.17	28.94
12.18	28.97
12.23	28.82
12.25	28.83
12.25	28.87
12.25	28.91
12.26	28.94
12.26	28.97
12.27	29.00
12.33	28.86
12.34	28.86
12.34	28.91
12.36	28.91
12.36	28.94
12.42	28.80
12.43	28.80
12.43	28.84
12.45	28.85
12.51	28.69
12.52	28.70
12.52	28.73
12.54	28.73
12.54	28.77
12.55	28.77
12.60	28.67
12.61	28.67
12.62	28.70
12.63	28.70
12.63	28.73
12.63	28.77
12.71	28.58
12.72	28.58
12.72	28.62
12.73	28.66
12.76	28.62
12.80	28.53
12.80	28.57
12.81	28.56
12.82	28.60
12.82	28.64
12.85	28.60
12.89	28.51
12.89	28.55
12.91	28.56
12.91	28.59
12.94	28.55
13.00	28.41
13.00	28.45
13.03	28.42
13.03	28.46
13.09	28.32
13.10	28.36
13.12	28.33
13.12	28.36
13.18	28.23
13.19	28.27
13.20	28.27
13.22	28.27
13.27	28.15
13.28	28.18
13.29	28.19
13.31	28.19
13.37	28.06
13.37	28.10
13.38	28.11
13.39	28.15
13.40	28.16
13.42	28.15
13.46	28.07
13.46	28.10
13.47	28.13
13.48	28.14
13.51	28.09
13.56	28.00
13.56	28.04
13.57	28.05
13.60	27.99
13.65	27.90
13.65	27.94
13.66	27.95
13.69	27.91
13.71	27.90
13.74	27.86
13.75	27.89
13.75	27.93
13.79	27.86
13.80	27.85
13.81	27.89
13.83	27.85
13.84	27.88
13.86	27.87
13.88	27.86
13.88	27.89
13.90	27.89
13.90	27.93
13.93	27.88
13.95	27.88
13.99	27.80
14.02	27.77
14.04	27.76
14.04	27.79
14.08	27.72
14.08	27.76
14.11	27.72
14.13	27.72
14.13	27.75
14.13	27.78
14.17	27.70
14.22	27.63
14.22	27.65
14.22	27.69
14.27	27.61
14.31	27.54
14.31	27.57
14.32	27.60
14.36	27.53
14.40	27.47
14.41	27.49
14.41	27.53
14.41	27.57
14.45	27.51
14.49	27.44
14.50	27.46
14.50	27.49
14.50	27.53
14.54	27.46
14.58	27.40
14.59	27.42
14.59	27.45
14.60	27.48
14.60	27.51
14.61	27.53
14.64	27.50
14.64	27.53
14.64	27.57
14.68	27.51
14.68	27.53
14.68	27.56
14.69	27.59
14.69	27.62
14.70	27.64
14.73	27.60
14.73	27.64
14.76	27.59
14.77	27.62
14.77	27.64
14.78	27.67
14.78	27.71
14.78	27.74
14.79	27.75
14.82	27.72
14.86	27.67
14.86	27.70
14.87	27.71
14.87	27.74
14.87	27.77
14.87	27.80
14.88	27.82
14.88	27.84
14.91	27.81
14.93	27.80
14.95	27.78
14.95	27.81
14.96	27.83
14.96	27.86
14.96	27.89
14.97	27.92
14.97	27.94
14.98	27.96
15.00	27.93
15.02	27.92
15.04	27.90
15.05	27.93
15.05	27.95
15.05	27.98
15.06	28.01
15.06	28.05
15.06	28.08
15.06	28.12
15.07	28.15
15.10	28.12
15.11	28.12
15.14	28.10
15.14	28.13
15.14	28.15
15.15	28.18
15.15	28.21
15.15	28.24
15.16	28.27
15.16	28.30
15.19	28.28
15.20	28.27
15.23	28.25
15.23	28.28
15.24	28.30
15.24	28.33
15.24	28.36
15.24	28.39
15.25	28.42
15.25	28.45
15.25	28.48
15.33	28.32
15.34	28.35
15.34	28.39
15.34	28.42
15.34	28.45
15.38	28.40
15.42	28.33
15.43	28.36
15.43	28.39
15.43	28.41
15.44	28.43
15.47	28.38
15.52	28.31
15.52	28.34
15.52	28.37
15.52	28.40
15.53	28.43
15.56	28.38
15.62	28.29
15.66	28.23
15.71	28.14
15.71	28.17
15.75	28.13
15.82	28.00
15.84	27.98
15.91	27.85
15.93	27.84
16.01	27.71
16.03	27.70
16.04	27.69
16.10	27.60
16.12	27.59
16.13	27.58
16.19	27.49
16.21	27.48
16.23	27.47
16.26	27.42
16.28	27.41
16.30	27.40
16.32	27.40
16.35	27.35
16.37	27.34
16.39	27.33
16.41	27.33
16.45	27.28
16.45	27.31
16.47	27.30
16.49	27.29
16.50	27.30
16.54	27.25
16.54	27.28
16.54	27.31
16.56	27.30
16.58	27.30
16.63	27.22
16.63	27.25
16.63	27.27
16.65	27.27
16.67	27.27
16.70	27.23
16.72	27.22
16.72	27.25
16.73	27.27
16.74	27.27
16.76	27.26
16.79	27.22
16.81	27.21
16.82	27.23
16.82	27.26
16.82	27.29
16.83	27.30
16.85	27.29
16.88	27.25
16.90	27.24
16.91	27.26
16.91	27.29
16.91	27.31
16.91	27.34
16.94	27.31
16.98	27.27
17.00	27.26
17.00	27.28
17.00	27.30
17.00	27.33
17.01	27.35
17.03	27.32
17.07	27.29
17.09	27.28
17.09	27.30
17.09	27.33
17.10	27.36
17.13	27.33
17.18	27.24
17.19	27.27
17.19	27.30
17.22	27.27
17.28	27.18
17.28	27.21
17.28	27.23
17.31	27.20
17.37	27.12
17.37	27.14
17.37	27.17
17.40	27.14
17.46	27.05
17.46	27.08
17.47	27.10
17.48	27.11
17.49	27.10
17.55	27.01
17.56	27.04
17.56	27.06
17.57	27.07
17.59	27.06
17.65	26.98
17.65	27.00
17.65	27.02
17.66	27.03
17.68	27.02
17.74	26.94
17.74	26.97
17.74	26.99
17.74	27.02
17.75	27.03
17.83	26.91
17.83	26.93
17.84	26.95
17.92	26.84
17.92	26.86
17.93	26.89
17.93	26.92
18.01	26.80
18.01	26.81
18.02	26.84
18.02	26.86
18.04	26.85
18.10	26.77
18.11	26.78
18.19	26.66
18.20	26.67
18.21	26.69
18.28	26.57
18.30	26.57
18.31	26.57
18.39	26.47
18.40	26.47
18.46	26.40
18.48	26.39
18.50	26.39
18.57	26.28
18.59	26.28
18.61	26.27
18.66	26.19
18.70	26.16
18.76	26.09
18.79	26.06
18.85	25.99
18.88	25.95
18.88	25.98
18.90	25.98
18.94	25.94
18.97	25.91
18.98	25.93
19.03	25.87
19.03	25.89
19.05	25.89
19.07	25.89
19.07	25.91
19.07	25.94
19.16	25.81
19.16	25.84
19.21	25.78
19.25	25.74
19.25	25.77
19.30	25.71
19.34	25.67
19.34	25.69
19.40	25.64
19.43	25.60
19.44	25.62
19.45	25.62
19.49	25.59
19.49	25.61
19.52	25.58
19.53	25.60
19.54	25.60
19.58	25.56
19.58	25.58
19.59	25.61
19.62	25.58
19.62	25.60
19.63	25.61
19.67	25.57
19.67	25.59
19.68	25.62
19.68	25.64
19.71	25.63
19.71	25.64
19.72	25.65
19.76	25.62
19.77	25.64
19.77	25.66
19.77	25.68
19.78	25.68
19.80	25.68
19.86	25.62
19.86	25.65
19.86	25.67
19.87	25.68
19.95	25.58
19.95	25.60
19.95	25.62
19.97	25.63
19.97	25.65
20.04	25.56
20.04	25.58
20.06	25.59
20.06	25.61
20.06	25.63
20.13	25.54
20.14	25.57
20.15	25.57
20.15	25.60
20.15	25.62
20.16	25.64
20.23	25.55
20.24	25.56
20.24	25.58
20.24	25.60
20.25	25.62
20.25	25.65
20.32	25.56
20.33	25.57
20.33	25.59
20.34	25.61
20.34	25.63
20.34	25.66
20.34	25.69
20.34	25.71
20.41	25.64
20.42	25.64
20.43	25.66
20.43	25.68
20.43	25.70
20.43	25.72
20.44	25.74
20.50	25.66
20.52	25.67
20.52	25.69
20.52	25.71
20.52	25.72
20.53	25.74
20.53	25.76
20.60	25.68
20.61	25.69
20.61	25.71
20.61	25.72
20.62	25.74
20.62	25.76
20.62	25.78
20.65	25.76
20.69	25.72
20.70	25.73
20.70	25.75
20.71	25.77
20.71	25.79
20.71	25.80
20.71	25.82
20.74	25.80
20.78	25.77
20.79	25.77
20.80	25.79
20.80	25.81
20.80	25.83
20.80	25.85
20.81	25.86
20.83	25.84
20.87	25.81
20.89	25.81
20.89	25.84
20.89	25.86
20.89	25.89
20.90	25.91
20.90	25.93
20.93	25.92
20.97	25.89
20.98	25.90
20.99	25.91
20.99	25.94
21.02	25.93
21.06	25.89
21.07	25.89
21.07	25.91
21.08	25.92
21.10	25.91
21.11	25.92
21.15	25.89
21.16	25.89
21.16	25.91
21.17	25.92
21.19	25.91
21.20	25.92
21.24	25.88
21.25	25.89
21.26	25.90
21.27	25.91
21.28	25.91
21.29	25.92
21.33	25.88
21.35	25.88
21.35	25.90
21.36	25.91
21.37	25.91
21.38	25.92
21.42	25.88
21.44	25.88
21.44	25.90
21.44	25.93
21.45	25.94
21.46	25.94
21.47	25.95
21.52	25.91
21.53	25.92
21.53	25.94
21.53	25.96
21.54	25.98
21.54	25.99
21.56	25.99
21.57	26.00
21.61	25.97
21.62	25.97
21.62	25.99
21.62	26.00
21.63	26.02
21.63	26.04
21.65	26.04
21.70	25.99
21.71	25.99
21.71	26.01
21.72	26.03
21.72	26.05
21.72	26.07
21.74	26.07
21.76	26.07
21.81	26.02
21.81	26.03
21.82	26.05
21.83	26.05
21.85	26.04
21.90	25.99
21.90	26.01
21.91	26.03
21.92	26.03
21.94	26.03
21.96	26.02
21.99	26.00
22.00	26.02
22.01	26.02
22.03	26.01
22.05	26.01
22.07	26.00
22.09	26.00
22.10	26.00
22.14	25.97
22.16	25.96
22.18	25.96
22.18	25.98
22.19	25.99
22.20	26.01
22.21	26.01
22.24	26.01
22.25	26.00
22.27	26.00
22.27	26.01
22.28	26.03
22.29	26.03
22.30	26.04
22.33	26.03
22.36	26.00
22.36	26.02
22.37	26.04
22.37	26.05
22.38	26.06
22.39	26.06
22.45	26.01
22.46	26.03
22.46	26.05
22.53	25.97
22.54	25.97
22.55	25.98
22.55	26.00
22.62	25.93
22.64	25.93
22.65	25.94
22.71	25.88
22.73	25.87
22.73	25.89
22.80	25.82
22.82	25.82
22.82	25.84
22.83	25.86
22.85	25.84
22.92	25.78
22.92	25.80
22.92	25.82
22.95	25.80
23.01	25.74
23.01	25.76
23.01	25.78
23.01	25.80
23.04	25.79
23.10	25.73
23.10	25.74
23.10	25.76
23.11	25.78
23.13	25.77
23.19	25.71
23.19	25.73
23.20	25.74
23.20	25.76
23.22	25.75
23.28	25.70
23.28	25.71
23.29	25.73
23.29	25.74
23.31	25.74
23.37	25.68
23.38	25.69
23.38	25.71
23.38	25.73
23.38	25.75
23.39	25.77
23.40	25.77
23.42	25.77
23.46	25.73
23.47	25.74
23.47	25.76
23.48	25.77
23.48	25.79
23.48	25.81
23.51	25.79
23.55	25.76
23.56	25.77
23.56	25.78
23.57	25.80
23.57	25.82
23.57	25.83
23.60	25.82
23.64	25.79
23.65	25.79
23.66	25.81
23.66	25.83
23.66	25.84
23.66	25.86
23.67	25.88
23.68	25.88
23.69	25.89
23.75	25.84
23.75	25.85
23.75	25.87
23.75	25.89
23.76	25.91
23.76	25.93
23.77	25.93
23.78	25.94
23.82	25.91
23.85	25.90
23.85	25.91
23.86	25.91
23.88	25.92
23.91	25.89
23.94	25.88
23.94	25.90
23.96	25.90
23.97	25.91
24.00	25.88
24.02	25.88
24.03	25.88
24.04	25.90
24.05	25.90
24.06	25.91
24.09	25.88
24.11	25.88
24.13	25.88
24.13	25.90
24.14	25.91
24.19	25.87
24.21	25.86
24.22	25.87
24.22	25.89
24.23	25.89
24.23	25.91
24.26	25.90
24.30	25.87
24.31	25.87
24.31	25.89
24.32	25.89
24.33	25.91
24.33	25.93
24.35	25.92
24.39	25.89
24.40	25.90
24.41	25.91
24.42	25.92
24.42	25.94
24.42	25.95
24.48	25.90
24.49	25.91
24.50	25.92
24.50	25.94
24.57	25.87
24.59	25.87
24.59	25.89
24.59	25.91
24.60	25.91
24.64	25.89
24.66	25.88
24.68	25.88
24.68	25.89
24.68	25.91
24.70	25.91
24.73	25.89
24.75	25.88
24.77	25.88
24.77	25.90
24.77	25.91
24.79	25.92
24.82	25.90
24.85	25.88
24.86	25.89
24.86	25.90
24.87	25.92
24.88	25.92
24.90	25.92
24.91	25.92
24.92	25.93
24.93	25.93
24.95	25.93
24.96	25.94
24.96	25.95
24.97	25.96
24.99	25.96
25.00	25.95
25.01	25.97
25.04	25.95
25.05	25.96
25.05	25.98
25.06	25.98
25.10	25.96
25.10	25.98
25.11	25.98
25.13	25.98
25.14	26.00
25.14	26.01
25.14	26.03
25.14	26.05
25.15	26.06
25.19	26.03
25.19	26.05
25.20	26.07
25.21	26.07
25.22	26.07
25.23	26.09
25.23	26.10
25.23	26.12
25.25	26.12
25.28	26.09
25.29	26.11
25.29	26.12
25.30	26.13
25.32	26.13
25.32	26.14
25.32	26.16
25.33	26.17
25.34	26.18
25.34	26.20
25.38	26.17
25.38	26.19
25.38	26.20
25.39	26.21
25.41	26.21
25.41	26.22
25.42	26.23
25.42	26.25
25.43	26.25
25.43	26.27
25.47	26.25
25.47	26.26
25.47	26.28
25.47	26.30
25.48	26.31
25.50	26.31
25.50	26.32
25.51	26.33
25.51	26.34
25.52	26.35
25.52	26.37
25.56	26.35
25.56	26.36
25.56	26.37
25.57	26.39
25.57	26.41
25.59	26.40
25.59	26.41
25.60	26.42
25.60	26.44
25.61	26.44
25.62	26.46
25.65	26.44
25.65	26.45
25.66	26.47
25.66	26.48
25.68	26.47
25.69	26.48
25.69	26.50
25.69	26.51
25.70	26.52
25.71	26.53
25.74	26.51
25.75	26.52
25.75	26.54
25.75	26.55
25.75	26.57
25.77	26.56
25.78	26.57
25.79	26.59
25.80	26.60
25.80	26.61
25.80	26.63
25.83	26.61
25.84	26.62
25.84	26.64
25.84	26.66
25.85	26.67
25.86	26.67
25.87	26.69
25.87	26.70
25.88	26.72
25.88	26.74
25.89	26.75
25.94	26.70
25.95	26.70
25.96	26.72
25.96	26.73
25.97	26.75
25.97	26.76
25.98	26.77
26.03	26.73
26.04	26.74
26.05	26.75
26.06	26.76
26.06	26.78
26.06	26.80
26.07	26.81
26.09	26.81
26.14	26.77
26.14	26.78
26.15	26.79
26.15	26.81
26.15	26.82
26.16	26.83
26.18	26.83
26.23	26.79
26.24	26.79
26.24	26.81
26.25	26.82
26.25	26.84
26.27	26.83
26.32	26.79
26.33	26.79
26.34	26.81
26.34	26.82
26.34	26.84
26.36	26.83
26.41	26.79
26.43	26.79
26.43	26.81
26.43	26.82
26.43	26.83
26.46	26.82
26.46	26.84
26.50	26.80
26.52	26.80
26.52	26.82
26.52	26.83
26.53	26.85
26.53	26.87
26.55	26.86
26.55	26.87
26.60	26.84
26.60	26.85
26.61	26.86
26.61	26.87
26.61	26.89
26.62	26.91
26.62	26.92
26.64	26.92
26.64	26.93
26.64	26.95
26.69	26.92
26.71	26.91
26.73	26.90
26.73	26.91
26.78	26.88
26.80	26.88
26.82	26.86
26.83	26.88
26.87	26.84
26.89	26.84
26.92	26.83
26.92	26.84
26.92	26.86
26.96	26.83
26.98	26.82
27.01	26.81
27.01	26.83
27.04	26.81
27.06	26.82
27.06	26.83
27.07	26.84
27.10	26.83
27.10	26.85
27.12	26.85
27.15	26.84
27.19	26.80
27.19	26.82
27.21	26.82
27.21	26.83
27.28	26.77
27.28	26.78
27.30	26.78
27.30	26.80
27.30	26.81
27.35	26.78
27.37	26.77
27.39	26.77
27.40	26.78
27.40	26.80
27.44	26.77
27.46	26.76
27.48	26.76
27.48	26.77
27.49	26.79
27.49	26.80
27.53	26.77
27.58	26.74
27.58	26.76
27.58	26.77
27.58	26.79
27.62	26.76
27.67	26.73
27.69	26.72
27.72	26.71
27.76	26.68
27.77	26.68
27.81	26.66
27.85	26.63
27.86	26.63
27.88	26.62
27.90	26.63
27.94	26.59
27.95	26.60
27.96	26.61
27.98	26.61
28.03	26.56
28.05	26.57
28.05	26.58
28.14	26.50
28.14	26.52
28.21	26.46
28.23	26.46
28.23	26.47
28.24	26.48
28.30	26.43
28.32	26.43
28.32	26.44
28.33	26.45
28.34	26.46
28.35	26.46
28.41	26.42
28.42	26.43
28.43	26.44
28.43	26.45
28.50	26.39
28.51	26.40
28.52	26.40
28.52	26.42
28.60	26.35
28.61	26.36
28.61	26.37
28.62	26.38
28.69	26.32
28.70	26.32
28.71	26.33
28.71	26.35
28.71	26.36
28.78	26.30
28.79	26.31
28.80	26.32
28.80	26.33
28.80	26.34
28.87	26.29
28.89	26.29
28.89	26.30
28.89	26.32
28.89	26.33
28.96	26.27
28.98	26.28
28.98	26.29
28.98	26.30
28.99	26.32
28.99	26.33
29.02	26.31
29.06	26.29
29.07	26.29
29.07	26.31
29.07	26.32
29.08	26.33
29.08	26.35
29.08	26.36
29.11	26.35
29.15	26.32
29.16	26.33
29.16	26.34
29.17	26.35
29.17	26.36
29.17	26.37
29.18	26.39
29.18	26.40
29.20	26.39
29.24	26.37
29.25	26.37
29.26	26.39
29.26	26.40
29.26	26.41
29.27	26.42
29.27	26.43
29.27	26.45
29.29	26.44
29.33	26.41
29.35	26.42
29.35	26.43
29.35	26.44
29.35	26.45
29.36	26.46
29.36	26.48
29.39	26.47
29.42	26.44
29.44	26.45
29.44	26.46
29.44	26.47
29.44	26.48
29.45	26.50
29.45	26.51
29.45	26.52
29.46	26.53
29.46	26.55
29.48	26.55
29.51	26.52
29.53	26.53
29.53	26.54
29.53	26.55
29.54	26.56
29.54	26.58
29.55	26.59
29.55	26.61
29.55	26.62
29.55	26.63
29.61	26.59
29.62	26.59
29.62	26.60
29.63	26.61
29.63	26.62
29.63	26.64
29.64	26.65
29.64	26.67
29.64	26.68
29.64	26.69
29.70	26.66
29.71	26.66
29.71	26.67
29.72	26.68
29.72	26.69
29.73	26.70
29.73	26.71
29.73	26.73
29.73	26.74
29.74	26.75
29.74	26.77
29.75	26.78
29.78	26.76
29.81	26.75
29.81	26.77
29.81	26.78
29.82	26.79
29.87	26.75
29.90	26.74
29.90	26.75
29.91	26.76
29.91	26.78
29.95	26.75
29.96	26.76
29.99	26.75
29.99	26.76
30.00	26.77
