3.74	0.00
3.85	4.06
3.85	112.66
3.96	110.76
3.96	164.94
3.96	219.01
4.07	182.63
4.07	218.73
4.07	254.77
4.07	290.77
4.07	326.71
4.18	272.98
4.18	300.01
4.18	327.02
4.18	353.99
4.18	380.94
4.18	407.85
4.18	434.74
4.18	461.60
4.29	392.31
4.29	413.89
4.29	435.44
4.29	456.97
4.29	478.48
4.29	499.98
4.29	521.45
4.29	542.91
4.29	564.35
4.29	585.77
4.29	607.18
4.29	628.56
4.40	544.31
4.40	562.23
4.40	580.13
4.40	598.03
4.40	615.90
4.40	633.77
4.40	651.62
4.40	669.46
4.40	687.29
4.40	705.10
4.40	722.90
4.40	740.69
4.40	758.47
4.40	776.23
4.40	793.98
4.40	811.72
4.51	715.18
4.51	730.49
4.51	745.79
4.51	761.08
4.51	776.36
4.51	791.63
4.51	806.89
4.51	822.14
4.51	837.38
4.51	852.61
4.51	867.84
4.61	779.18
4.61	792.62
4.61	806.06
4.61	819.49
4.62	831.55
4.62	844.94
4.62	858.33
4.62	870.32
4.62	883.67
4.62	897.02
4.62	910.35
4.71	833.73
4.71	845.78
4.71	857.82
4.72	869.43
4.72	880.59
4.72	892.60
4.72	904.60
4.72	915.03
4.72	926.99
4.72	938.96
4.72	950.91
4.73	954.49
4.84	868.00
4.84	878.65
4.84	889.30
4.84	899.95
4.84	909.41
4.84	920.03
4.94	853.44
4.95	863.19
4.95	872.93
4.95	882.67
4.95	887.97
4.95	897.66
4.95	907.34
5.06	845.64
5.06	854.58
5.06	863.51
5.06	872.44
5.06	877.34
5.06	886.22
5.07	889.67
5.07	898.49
5.16	848.18
5.16	856.43
5.17	864.68
5.17	872.93
5.17	880.99
5.17	889.23
5.17	894.05
5.17	902.25
5.17	910.45
5.27	862.86
5.27	870.56
5.27	878.27
5.27	885.69
5.27	893.39
5.27	901.08
5.27	905.65
5.27	913.32
5.27	920.98
5.27	928.63
5.38	878.02
5.38	885.08
5.38	892.26
5.38	899.31
5.38	906.35
5.38	913.53
5.38	917.75
5.38	924.90
5.38	932.04
5.38	939.19
5.38	946.33
5.49	897.93
5.49	904.66
5.49	911.39
5.49	918.11
5.49	924.84
5.49	931.56
5.49	938.28
5.49	945.00
5.49	951.45
5.49	958.16
5.49	964.87
5.49	971.58
5.60	922.11
5.60	928.32
5.60	934.64
5.60	940.97
5.60	947.29
5.60	953.61
5.60	959.93
5.60	965.99
5.60	972.31
5.60	978.62
5.60	984.93
5.63	974.68
5.63	980.88
5.71	949.67
5.71	955.41
5.71	961.38
5.71	967.34
5.71	973.31
5.71	979.27
5.71	985.23
5.71	990.95
5.71	996.91
5.71	1002.86
5.71	1008.81
5.74	998.86
5.74	1004.72
5.74	1010.58
5.82	980.08
5.82	985.39
5.82	991.03
5.82	996.68
5.82	1002.32
5.82	1007.97
5.82	1013.61
5.82	1019.25
5.82	1024.89
5.82	1030.53
5.82	1036.16
5.85	1026.09
5.85	1031.64
5.85	1037.19
5.85	1042.73
5.93	1013.16
5.93	1018.52
5.93	1023.88
5.93	1029.25
5.93	1034.61
5.93	1039.97
5.93	1045.32
5.93	1050.68
5.93	1056.04
5.93	1061.39
5.93	1066.74
5.96	1056.62
5.96	1061.90
5.96	1067.17
5.96	1072.44
5.96	1077.66
6.04	1047.93
6.04	1053.04
6.04	1058.14
6.04	1063.24
6.04	1068.34
6.04	1073.44
6.04	1078.53
6.04	1083.63
6.04	1088.73
6.04	1093.82
6.05	1092.12
6.07	1088.82
6.07	1093.85
6.07	1098.87
6.07	1103.89
6.07	1108.91
6.07	1113.93
6.15	1085.09
6.15	1089.96
6.15	1094.82
6.15	1099.69
6.15	1103.95
6.15	1108.82
6.15	1113.68
6.15	1118.54
6.15	1123.40
6.16	1121.59
6.18	1118.12
6.18	1122.91
6.18	1127.70
6.18	1132.50
6.18	1137.29
6.18	1142.07
6.18	1146.86
6.26	1119.08
6.26	1123.73
6.26	1128.39
6.26	1133.04
6.26	1137.48
6.26	1142.13
6.26	1146.78
6.26	1151.42
6.26	1156.07
6.28	1152.69
6.29	1149.68
6.29	1154.16
6.37	1126.61
6.37	1130.96
6.37	1135.42
6.37	1139.87
6.37	1144.33
6.38	1141.79
6.38	1146.22
6.40	1142.65
6.42	1139.32
6.42	1143.69
6.48	1124.88
6.48	1129.15
6.48	1133.43
6.48	1137.71
6.48	1141.12
6.49	1139.66
6.49	1143.91
6.51	1140.78
6.53	1137.80
6.53	1142.00
6.53	1146.19
6.59	1128.44
6.59	1132.56
6.59	1136.67
6.59	1140.78
6.59	1144.41
6.60	1142.14
6.60	1146.23
6.62	1143.41
6.64	1140.06
6.64	1144.00
6.64	1148.03
6.64	1152.07
6.70	1135.32
6.70	1139.28
6.70	1143.24
6.70	1147.20
6.70	1151.16
6.71	1148.67
6.71	1152.61
6.73	1149.40
6.75	1145.95
6.75	1149.84
6.75	1153.72
6.75	1157.61
6.75	1161.49
6.80	1145.81
6.80	1149.63
6.80	1153.45
6.80	1157.26
6.81	1160.90
6.82	1158.18
6.82	1161.98
6.85	1156.80
6.86	1155.89
6.86	1159.64
6.86	1163.39
6.86	1167.14
6.86	1170.79
6.86	1174.54
6.91	1158.92
6.91	1162.60
6.91	1166.29
6.92	1169.97
6.92	1173.66
6.93	1170.79
6.94	1172.55
6.95	1171.60
6.97	1169.10
6.97	1172.72
6.97	1176.35
6.97	1179.97
6.97	1183.26
6.97	1186.88
6.97	1190.50
7.02	1174.79
7.02	1178.36
7.03	1181.92
7.03	1185.48
7.03	1189.04
7.04	1186.18
7.05	1189.21
7.06	1187.54
7.08	1184.38
7.08	1187.89
7.08	1191.39
7.08	1194.89
7.08	1198.39
7.08	1201.65
7.08	1205.07
7.13	1189.64
7.14	1193.00
7.14	1196.45
7.14	1199.89
7.14	1203.34
7.15	1200.58
7.17	1198.34
7.17	1201.75
7.19	1198.69
7.19	1202.08
7.19	1205.47
7.19	1208.86
7.19	1212.25
7.19	1215.64
7.19	1219.03
7.25	1203.56
7.25	1206.89
7.25	1210.23
7.25	1213.56
7.25	1216.90
7.30	1201.69
7.30	1204.89
7.30	1208.18
7.36	1193.42
7.36	1196.58
7.36	1199.81
7.36	1203.05
7.36	1206.28
7.36	1209.51
7.41	1195.03
7.41	1198.21
7.41	1201.40
7.47	1186.95
7.47	1190.09
7.47	1193.23
7.47	1196.37
7.47	1199.51
7.47	1202.65
7.47	1205.78
7.52	1191.92
7.52	1194.94
7.52	1198.04
7.58	1184.12
7.58	1187.10
7.58	1190.15
7.58	1193.20
7.58	1196.25
7.58	1199.29
7.58	1202.34
7.58	1205.39
7.63	1192.08
7.63	1194.94
7.63	1197.94
7.69	1184.49
7.69	1187.44
7.69	1190.41
7.69	1193.37
7.69	1196.33
7.69	1199.30
7.69	1202.20
7.69	1205.16
7.69	1207.97
7.74	1195.00
7.74	1197.92
7.76	1196.03
7.80	1187.79
7.80	1190.59
7.80	1193.48
7.80	1196.36
7.80	1199.24
7.80	1202.07
7.80	1204.95
7.80	1207.68
7.80	1210.56
7.80	1213.44
7.85	1201.24
7.85	1204.09
7.89	1196.37
7.91	1193.72
7.91	1196.52
7.91	1199.33
7.91	1202.14
7.91	1204.94
7.91	1207.75
7.91	1210.56
7.91	1213.36
7.91	1216.17
7.91	1218.97
7.91	1221.78
7.96	1209.66
7.98	1207.41
8.00	1204.76
8.02	1202.22
8.02	1204.88
8.02	1207.62
8.02	1210.35
8.02	1213.08
8.02	1215.82
8.02	1218.55
8.02	1221.28
8.02	1224.01
8.02	1226.75
8.02	1229.48
8.07	1217.98
8.09	1215.34
8.11	1212.80
8.13	1210.42
8.13	1213.08
8.13	1215.75
8.13	1218.42
8.13	1221.08
8.13	1223.75
8.13	1226.41
8.13	1229.07
8.13	1231.74
8.13	1234.40
8.13	1237.06
8.18	1225.57
8.24	1213.09
8.24	1215.69
8.24	1218.29
8.24	1220.89
8.24	1223.10
8.24	1225.70
8.24	1228.29
8.24	1230.89
8.24	1233.43
8.29	1222.17
8.35	1210.11
8.35	1212.58
8.35	1215.12
8.35	1217.28
8.35	1219.82
8.35	1222.35
8.35	1224.89
8.35	1227.43
8.35	1229.96
8.35	1232.50
8.42	1217.06
8.46	1209.81
8.46	1212.16
8.46	1214.64
8.46	1216.75
8.46	1219.23
8.46	1221.71
8.46	1224.18
8.46	1226.66
8.46	1229.14
8.46	1231.62
8.46	1234.09
8.53	1219.11
8.57	1212.54
8.57	1214.96
8.57	1217.39
8.57	1219.81
8.57	1221.87
8.57	1224.29
8.57	1226.71
8.57	1229.14
8.57	1231.56
8.57	1233.98
8.57	1236.40
8.64	1221.07
8.68	1214.57
8.68	1216.94
8.68	1219.31
8.68	1221.68
8.68	1223.69
8.68	1226.06
8.68	1228.43
8.68	1230.79
8.68	1233.16
8.79	1209.27
8.79	1211.58
8.79	1213.56
8.79	1215.87
8.79	1218.19
8.79	1220.51
8.79	1222.12
8.79	1224.44
8.90	1202.04
8.90	1203.91
8.90	1206.18
8.90	1208.45
8.90	1210.72
8.90	1212.31
8.90	1214.57
8.91	1214.18
8.91	1216.44
9.01	1197.38
9.01	1199.17
9.01	1201.39
9.01	1203.61
9.01	1205.83
9.01	1207.60
9.01	1209.81
9.02	1209.29
9.02	1211.50
9.03	1213.49
9.12	1195.15
9.12	1197.33
9.12	1199.51
9.12	1201.68
9.12	1203.86
9.12	1205.76
9.12	1207.94
9.13	1208.86
9.13	1211.04
9.13	1213.21
9.13	1215.27
9.22	1197.24
9.22	1199.37
9.22	1201.51
9.22	1203.28
9.22	1205.41
9.22	1207.54
9.22	1209.68
9.24	1208.58
9.24	1210.71
9.24	1212.84
9.24	1214.91
9.24	1217.04
9.33	1199.33
9.33	1201.42
9.33	1203.16
9.33	1205.25
9.33	1207.34
9.33	1209.44
9.35	1208.36
9.35	1210.44
9.35	1212.53
9.35	1214.62
9.35	1216.70
9.35	1218.79
9.35	1220.88
9.44	1203.45
9.44	1205.50
9.44	1207.20
9.44	1209.25
9.44	1211.30
9.44	1213.36
9.46	1212.29
9.46	1214.34
9.46	1216.38
9.46	1218.43
9.46	1220.47
9.46	1222.52
9.46	1224.56
9.47	1223.76
9.55	1209.47
9.55	1211.49
9.55	1213.15
9.55	1215.16
9.55	1217.18
9.55	1219.19
9.57	1218.13
9.57	1220.14
9.57	1222.14
9.57	1224.15
9.57	1226.16
9.57	1228.16
9.57	1230.17
9.58	1229.42
9.58	1231.42
9.66	1217.30
9.66	1219.28
9.66	1220.91
9.66	1222.88
9.66	1224.86
9.66	1226.83
9.68	1226.01
9.68	1227.98
9.68	1229.95
9.68	1231.92
9.68	1233.85
9.68	1235.82
9.68	1237.79
9.68	1239.75
9.68	1240.66
9.68	1242.63
9.77	1226.87
9.77	1228.81
9.77	1230.74
9.77	1232.68
9.77	1234.62
9.77	1236.56
9.78	1237.07
9.78	1239.01
9.78	1240.95
9.78	1242.88
9.78	1244.77
9.78	1246.70
9.78	1248.64
9.78	1250.57
9.78	1252.21
9.79	1251.70
9.87	1237.51
9.87	1239.41
9.87	1241.32
9.87	1243.23
9.88	1244.84
9.88	1246.75
9.89	1246.11
9.89	1247.96
9.89	1249.86
9.89	1251.72
9.89	1253.62
9.89	1255.52
9.89	1257.42
9.89	1259.32
9.89	1260.97
9.89	1262.87
9.95	1252.38
9.98	1248.27
9.98	1250.14
9.98	1252.02
10.00	1250.62
10.00	1252.48
10.00	1254.11
10.00	1255.98
10.05	1249.48
10.06	1249.24
10.09	1244.37
10.09	1246.21
10.09	1248.05
10.09	1249.89
10.11	1247.76
10.11	1249.32
10.11	1251.15
10.15	1245.97
10.16	1246.44
10.20	1239.85
10.20	1241.62
10.20	1243.43
10.22	1241.36
10.22	1243.16
10.22	1244.96
10.22	1246.54
10.22	1248.34
10.25	1245.10
10.31	1235.35
10.33	1233.30
10.33	1235.07
10.33	1236.75
10.33	1238.52
10.33	1240.29
10.33	1242.07
10.42	1227.55
10.42	1229.30
10.44	1228.44
10.44	1230.18
10.44	1231.93
10.44	1233.68
10.44	1235.16
10.44	1236.90
10.44	1238.65
10.52	1225.17
10.52	1226.89
10.55	1224.41
10.55	1226.08
10.55	1227.80
10.55	1229.26
10.55	1230.98
10.55	1232.70
10.55	1234.41
10.55	1236.13
10.63	1222.94
10.63	1224.64
10.66	1222.16
10.66	1223.85
10.66	1225.29
10.66	1226.98
10.66	1228.67
10.66	1230.36
10.66	1232.05
10.66	1233.74
10.66	1235.43
10.74	1222.54
10.77	1220.06
10.77	1221.73
10.77	1223.14
10.77	1224.81
10.77	1226.47
10.77	1228.13
10.77	1229.80
10.77	1231.46
10.77	1233.12
10.77	1234.79
10.77	1236.45
10.88	1219.71
10.88	1221.35
10.88	1222.74
10.88	1224.38
10.88	1226.02
10.88	1227.66
10.88	1229.30
10.88	1230.93
10.88	1232.57
10.88	1234.21
10.88	1235.85
10.88	1237.48
10.88	1239.12
10.99	1223.20
10.99	1224.81
10.99	1226.43
10.99	1228.04
10.99	1229.30
10.99	1230.91
10.99	1232.52
10.99	1234.14
10.99	1235.59
10.99	1237.20
10.99	1238.81
10.99	1240.43
10.99	1242.04
10.99	1243.65
11.10	1227.66
11.10	1229.25
11.10	1230.84
11.10	1232.43
11.10	1233.67
11.10	1235.26
11.10	1236.85
11.10	1238.43
11.10	1240.02
11.10	1241.61
11.10	1243.20
11.10	1244.79
11.10	1246.38
11.10	1247.97
11.10	1249.56
11.20	1234.63
11.20	1236.20
11.20	1237.77
11.20	1239.33
11.20	1240.86
11.20	1242.43
11.20	1244.00
11.20	1245.56
11.21	1246.49
11.21	1248.06
11.21	1249.62
11.21	1251.19
11.21	1252.75
11.21	1253.60
11.21	1255.17
11.31	1240.42
11.31	1241.93
11.31	1243.47
11.31	1244.98
11.31	1246.52
11.31	1248.07
11.31	1249.61
11.31	1251.16
11.32	1252.11
11.32	1253.65
11.32	1255.19
11.32	1256.73
11.32	1258.28
11.32	1259.82
11.32	1260.65
11.32	1262.19
11.42	1247.53
11.42	1249.06
11.42	1250.54
11.42	1252.06
11.42	1253.58
11.42	1255.11
11.42	1256.63
11.42	1258.15
11.42	1259.67
11.43	1260.64
11.43	1262.16
11.43	1263.68
11.43	1265.20
11.43	1266.72
11.43	1268.24
11.43	1269.06
11.43	1270.58
11.53	1256.06
11.53	1257.48
11.53	1258.98
11.53	1260.48
11.53	1261.98
11.53	1263.48
11.53	1264.98
11.53	1266.48
11.53	1267.98
11.53	1269.48
11.54	1270.62
11.54	1272.12
11.54	1273.62
11.54	1275.12
11.54	1276.62
11.54	1278.12
11.54	1279.62
11.54	1281.12
11.63	1267.33
11.63	1268.81
11.63	1270.17
11.63	1271.65
11.63	1273.13
11.63	1274.61
11.64	1275.86
11.64	1277.34
11.64	1278.82
11.64	1280.30
11.64	1281.74
11.64	1283.22
11.64	1284.70
11.64	1286.18
11.65	1286.13
11.65	1287.61
11.65	1289.09
11.65	1290.56
11.65	1291.77
11.74	1278.35
11.74	1279.66
11.74	1281.12
11.74	1282.58
11.74	1284.04
11.74	1285.50
11.75	1286.76
11.75	1288.22
11.75	1289.68
11.75	1291.14
11.75	1292.56
11.75	1294.02
11.75	1295.48
11.75	1296.94
11.75	1297.57
11.75	1299.03
11.75	1300.49
11.75	1301.95
11.76	1302.86
11.76	1304.32
11.84	1291.85
11.85	1293.29
11.85	1294.74
11.85	1296.18
11.86	1296.12
11.86	1297.56
11.86	1299.00
11.86	1300.33
11.86	1301.73
11.86	1303.16
11.86	1304.57
11.86	1306.00
11.86	1307.44
11.86	1308.88
11.86	1310.08
11.86	1311.52
11.86	1312.96
11.86	1314.40
11.86	1315.60
11.86	1317.04
11.86	1318.48
11.95	1305.76
11.95	1307.18
11.95	1308.60
11.95	1310.02
11.97	1309.34
11.97	1310.76
11.97	1312.18
11.97	1313.52
11.97	1314.94
11.97	1316.32
11.97	1317.74
11.97	1319.12
11.97	1320.54
11.97	1321.96
11.97	1323.38
11.97	1324.56
11.97	1325.98
11.97	1327.40
11.97	1328.82
11.97	1330.00
11.97	1331.42
11.99	1329.57
12.06	1320.13
12.06	1321.54
12.06	1322.94
12.06	1324.34
12.08	1323.65
12.08	1325.05
12.08	1326.45
12.08	1327.81
12.08	1329.21
12.08	1330.57
12.08	1331.97
12.08	1333.33
12.08	1334.73
12.08	1336.13
12.08	1337.53
12.08	1338.70
12.08	1340.10
12.08	1341.50
12.08	1342.89
12.08	1344.06
12.08	1345.46
12.09	1346.66
12.11	1344.46
12.17	1335.56
12.17	1336.94
12.17	1338.33
12.17	1339.71
12.19	1339.04
12.19	1340.38
12.19	1341.76
12.19	1343.15
12.19	1344.53
12.19	1345.91
12.19	1347.25
12.19	1348.63
12.19	1349.98
12.19	1351.36
12.19	1352.74
12.19	1354.12
12.19	1355.26
12.19	1356.64
12.19	1358.02
12.19	1359.40
12.19	1360.55
12.19	1361.93
12.20	1362.57
12.21	1362.24
12.28	1351.99
12.28	1353.35
12.28	1354.72
12.28	1356.09
12.29	1356.46
12.29	1357.82
12.29	1359.19
12.29	1360.55
12.30	1361.04
12.30	1362.41
12.30	1363.77
12.30	1365.13
12.30	1366.49
12.30	1367.86
12.30	1369.22
12.30	1370.58
12.30	1371.95
12.30	1372.80
12.30	1374.16
12.30	1375.53
12.30	1376.89
12.30	1378.17
12.30	1379.53
12.30	1380.89
12.31	1381.02
12.39	1369.42
12.39	1370.73
12.39	1372.08
12.39	1373.35
12.39	1374.69
12.40	1376.04
12.40	1377.39
12.40	1378.51
12.40	1379.85
12.40	1381.20
12.41	1381.02
12.41	1382.37
12.41	1383.72
12.41	1385.06
12.41	1386.41
12.41	1387.75
12.41	1389.10
12.41	1390.44
12.41	1391.46
12.41	1392.81
12.41	1394.15
12.41	1395.50
12.41	1396.81
12.41	1398.15
12.41	1399.50
12.41	1400.56
12.50	1387.93
12.50	1389.26
12.50	1390.59
12.50	1391.92
12.50	1393.26
12.50	1394.59
12.50	1395.92
12.50	1397.25
12.50	1398.58
12.50	1399.91
12.50	1401.24
12.52	1400.58
12.52	1401.87
12.52	1403.20
12.52	1404.53
12.52	1405.85
12.52	1407.18
12.52	1408.51
12.52	1409.51
12.52	1410.84
12.52	1412.17
12.52	1413.50
12.52	1414.79
12.52	1416.12
12.52	1417.44
12.52	1418.77
12.56	1413.62
12.61	1407.82
12.61	1409.13
12.61	1410.44
12.61	1411.76
12.61	1412.56
12.61	1413.88
12.61	1415.19
12.61	1416.50
12.61	1417.82
12.61	1419.13
12.61	1420.44
12.61	1421.75
12.63	1420.92
12.63	1422.23
12.63	1423.55
12.63	1424.82
12.63	1426.13
12.63	1427.12
12.63	1428.43
12.63	1429.74
12.63	1431.05
12.63	1432.33
12.63	1433.64
12.63	1434.95
12.63	1436.26
12.66	1434.14
12.67	1433.59
12.72	1426.60
12.72	1427.86
12.72	1429.16
12.72	1429.95
12.72	1431.24
12.72	1432.54
12.72	1433.84
12.72	1435.13
12.72	1436.43
12.72	1437.73
12.72	1439.02
12.73	1440.32
12.74	1439.51
12.74	1440.80
12.74	1442.10
12.74	1443.39
12.74	1444.65
12.74	1445.94
12.74	1446.91
12.83	1433.65
12.83	1434.93
12.83	1436.21
12.83	1437.49
12.83	1438.77
12.84	1440.05
12.84	1441.33
12.84	1442.61
12.85	1441.81
12.85	1443.09
12.85	1444.37
12.85	1445.65
12.85	1446.89
12.85	1448.16
12.85	1449.04
12.85	1450.32
12.94	1437.33
12.94	1438.59
12.94	1439.86
12.94	1441.12
12.95	1442.39
12.95	1443.62
12.95	1444.89
12.95	1445.84
12.96	1445.35
12.96	1446.62
12.96	1447.88
12.96	1449.14
12.96	1450.37
12.96	1451.63
12.96	1452.77
12.96	1454.03
12.96	1455.29
13.05	1442.22
13.05	1443.47
13.05	1444.72
13.06	1445.97
13.06	1447.15
13.06	1448.40
13.06	1449.34
13.06	1450.59
13.07	1450.10
13.07	1451.35
13.07	1452.60
13.07	1453.84
13.07	1455.05
13.07	1456.30
13.07	1457.43
13.07	1458.67
13.08	1458.19
13.16	1446.99
13.17	1448.19
13.17	1449.43
13.17	1450.59
13.17	1451.82
13.17	1452.76
13.17	1453.99
13.18	1454.27
13.18	1455.50
13.18	1456.74
13.18	1457.97
13.18	1458.80
13.18	1460.03
13.18	1461.27
13.18	1462.39
13.18	1463.63
13.24	1456.01
13.27	1452.21
13.27	1453.43
13.27	1454.65
13.27	1455.87
13.28	1456.47
13.29	1455.57
13.29	1456.79
13.33	1452.17
13.35	1450.55
13.38	1446.80
13.38	1448.01
13.38	1449.22
13.38	1450.43
13.39	1451.02
13.39	1452.23
13.39	1453.43
13.40	1452.59
13.40	1453.79
13.44	1449.28
13.45	1448.22
13.49	1443.95
13.49	1445.14
13.49	1446.34
13.49	1447.53
13.50	1448.12
13.50	1449.31
13.51	1448.48
13.51	1449.67
13.51	1450.86
13.52	1451.31
13.55	1447.67
13.57	1446.63
13.60	1442.38
13.60	1443.56
13.60	1444.74
13.60	1445.92
13.61	1446.50
13.61	1447.68
13.61	1447.96
13.61	1449.14
13.61	1450.32
13.61	1451.50
13.63	1451.13
13.66	1447.66
13.68	1446.28
13.71	1442.96
13.71	1444.13
13.71	1445.30
13.71	1446.47
13.71	1447.43
13.71	1448.59
13.72	1448.51
13.72	1449.68
13.72	1450.84
13.72	1452.01
13.72	1452.37
13.74	1451.93
13.77	1448.50
13.80	1445.38
13.82	1443.84
13.82	1444.97
13.82	1446.12
13.82	1447.07
13.82	1448.23
13.82	1449.38
13.83	1449.33
13.83	1450.49
13.83	1451.64
13.83	1452.80
13.83	1453.15
13.84	1454.30
13.84	1454.42
13.89	1448.94
13.91	1447.41
13.93	1445.82
13.93	1446.96
13.93	1447.90
13.93	1449.04
13.93	1450.19
13.93	1450.83
13.93	1451.97
13.93	1453.11
13.93	1454.25
13.94	1455.19
13.94	1456.33
13.94	1457.47
13.94	1458.62
13.95	1457.69
14.00	1452.08
14.02	1450.56
14.04	1448.98
14.04	1449.88
14.04	1451.01
14.04	1452.14
14.04	1453.27
14.04	1453.90
14.04	1455.03
14.04	1456.16
14.05	1457.29
14.05	1458.42
14.05	1459.41
14.05	1460.54
14.05	1461.67
14.05	1462.80
14.08	1460.00
14.11	1456.31
14.13	1454.80
14.14	1454.52
14.15	1454.08
14.15	1455.20
14.15	1456.32
14.15	1457.44
14.15	1458.06
14.16	1459.18
14.16	1460.30
14.16	1461.42
14.16	1462.53
14.16	1463.55
14.16	1464.67
14.16	1465.79
14.16	1466.90
14.17	1466.78
14.18	1465.77
14.22	1461.60
14.23	1461.31
14.25	1459.81
14.26	1459.34
14.26	1460.45
14.26	1461.56
14.26	1462.66
14.27	1463.28
14.27	1464.38
14.27	1465.49
14.27	1466.59
14.27	1467.70
14.27	1468.74
14.27	1469.85
14.27	1470.95
14.27	1472.06
14.27	1473.16
14.27	1473.58
14.29	1472.06
14.32	1468.96
14.34	1467.62
14.36	1466.13
14.36	1466.57
14.36	1467.67
14.36	1468.76
14.37	1469.86
14.37	1470.42
14.37	1471.52
14.37	1472.61
14.37	1473.71
14.37	1474.68
14.37	1475.77
14.37	1476.87
14.37	1477.96
14.37	1479.06
14.37	1480.15
14.37	1481.25
14.38	1480.86
14.40	1479.35
14.43	1476.25
14.45	1474.92
14.46	1474.53
14.47	1475.16
14.47	1476.24
14.47	1477.33
14.48	1476.56
14.48	1477.64
14.48	1478.72
14.48	1479.81
14.48	1480.89
14.48	1481.88
14.48	1482.97
14.48	1484.05
14.48	1485.13
14.48	1486.22
14.48	1487.30
14.48	1488.38
14.48	1489.47
14.49	1489.11
14.51	1488.30
14.54	1484.51
14.55	1484.12
14.57	1482.79
14.58	1483.37
14.58	1484.44
14.59	1483.67
14.59	1484.74
14.59	1485.82
14.59	1486.89
14.59	1487.96
14.59	1489.03
14.59	1490.11
14.59	1491.12
14.59	1492.19
14.59	1493.26
14.59	1494.34
14.59	1495.41
14.59	1496.48
14.59	1497.55
14.59	1498.62
14.60	1498.84
14.62	1497.49
14.65	1494.64
14.66	1493.47
14.69	1491.44
14.69	1492.51
14.69	1492.93
14.69	1493.99
14.69	1495.05
14.69	1496.11
14.69	1497.14
14.69	1498.20
14.69	1499.27
14.69	1500.26
14.69	1501.33
14.69	1502.39
14.69	1503.45
14.70	1503.77
14.70	1504.83
14.70	1505.90
14.70	1506.96
14.71	1506.74
14.71	1507.80
14.73	1506.48
14.75	1503.97
14.78	1501.23
14.80	1500.41
14.80	1501.47
14.80	1501.88
14.80	1502.93
14.80	1503.98
14.80	1505.03
14.80	1506.05
14.80	1507.10
14.80	1508.09
14.80	1509.14
14.80	1510.19
14.80	1511.24
14.81	1511.56
14.91	1499.54
14.91	1500.14
14.91	1501.18
14.91	1502.22
14.91	1503.26
14.91	1504.21
14.91	1505.25
14.91	1506.29
14.91	1507.33
14.91	1508.37
14.91	1509.41
14.91	1510.45
14.91	1511.50
15.01	1499.95
15.02	1500.06
15.02	1501.09
15.02	1502.12
15.02	1502.93
15.02	1503.96
15.02	1504.99
15.02	1506.02
15.02	1506.86
15.02	1507.90
15.02	1508.93
15.02	1509.96
15.02	1510.97
15.11	1500.37
15.12	1500.31
15.12	1501.34
15.12	1502.36
15.12	1503.32
15.12	1504.34
15.12	1505.36
15.12	1505.87
15.12	1506.90
15.12	1507.92
15.12	1508.94
15.13	1509.71
15.23	1497.19
15.23	1498.20
15.23	1498.71
15.23	1499.69
15.23	1500.70
15.24	1500.69
15.24	1501.70
15.34	1490.17
15.34	1491.18
15.34	1491.71
15.34	1492.65
15.34	1493.65
15.35	1493.65
15.45	1481.68
15.45	1482.68
15.46	1483.67
15.46	1483.70
15.46	1484.69
15.57	1472.92
15.57	1473.90
15.57	1474.22
15.57	1475.20
15.57	1476.19
15.57	1477.17
15.68	1465.37
15.68	1466.34
15.68	1467.32
15.68	1468.29
15.68	1469.27
15.68	1470.24
15.68	1471.22
15.79	1458.93
15.79	1459.87
15.79	1460.83
15.79	1461.80
15.79	1462.77
15.79	1463.73
15.79	1464.70
15.79	1465.67
15.90	1453.54
15.90	1454.50
15.90	1455.46
15.90	1456.41
15.90	1457.37
15.90	1458.33
15.90	1459.29
15.90	1460.25
15.90	1461.20
16.01	1449.28
16.01	1450.20
16.01	1451.15
16.01	1452.10
16.01	1453.05
16.01	1454.00
16.01	1454.95
16.01	1455.90
16.01	1456.85
16.01	1457.80
16.12	1446.01
16.12	1446.95
16.12	1447.90
16.12	1448.84
16.12	1449.78
16.12	1450.72
16.12	1451.66
16.12	1452.60
16.12	1453.54
16.12	1454.48
16.12	1455.42
16.23	1443.82
16.23	1444.72
16.23	1445.66
16.23	1446.59
16.23	1447.52
16.23	1448.46
16.23	1449.39
16.23	1450.32
16.23	1451.25
16.23	1452.19
16.23	1453.12
16.23	1454.05
16.34	1442.56
16.34	1443.48
16.34	1444.41
16.34	1445.33
16.34	1446.26
16.34	1447.18
16.34	1448.11
16.34	1449.03
16.34	1449.96
16.34	1450.88
16.34	1451.80
16.34	1452.73
16.45	1441.38
16.45	1442.27
16.45	1443.18
16.45	1444.10
16.45	1445.02
16.45	1445.93
16.45	1446.85
16.45	1447.77
16.45	1448.68
16.56	1437.67
16.56	1438.58
16.56	1439.49
16.56	1440.40
16.56	1441.10
16.56	1442.00
16.56	1442.91
16.67	1431.91
16.67	1432.78
16.67	1433.69
16.67	1434.59
16.67	1435.31
16.67	1436.21
16.67	1437.11
16.67	1438.01
16.78	1427.11
16.78	1428.01
16.78	1428.90
16.78	1429.79
16.78	1430.69
16.78	1431.58
16.78	1432.48
16.78	1433.37
16.78	1434.26
16.89	1423.34
16.89	1424.22
16.89	1425.11
16.89	1426.00
16.89	1426.88
16.89	1427.77
16.89	1428.65
16.89	1429.54
16.89	1430.43
16.89	1431.31
17.00	1420.55
17.00	1421.43
17.00	1422.31
17.00	1423.19
17.00	1424.07
17.00	1424.95
17.00	1425.83
17.00	1426.70
17.00	1427.58
17.00	1428.46
17.00	1429.34
17.11	1418.71
17.11	1419.56
17.11	1420.43
17.11	1421.30
17.11	1422.15
17.11	1423.02
17.11	1423.89
17.11	1424.76
17.11	1425.63
17.11	1426.51
17.11	1427.38
17.22	1416.85
17.22	1417.72
17.22	1418.58
17.22	1419.44
17.22	1420.28
17.22	1421.15
17.22	1422.01
17.33	1411.49
17.33	1412.35
17.33	1413.18
17.33	1414.04
17.33	1414.90
17.33	1415.75
17.33	1416.61
17.44	1406.26
17.44	1407.07
17.44	1407.92
17.44	1408.77
17.44	1409.62
17.44	1410.47
17.44	1411.32
17.44	1412.17
17.55	1401.99
17.55	1402.83
17.55	1403.67
17.55	1404.52
17.55	1405.36
17.55	1406.21
17.55	1407.05
17.55	1407.90
17.55	1408.74
17.66	1398.64
17.66	1399.46
17.66	1400.29
17.66	1401.13
17.66	1401.97
17.66	1402.81
17.66	1403.64
17.66	1404.48
17.66	1405.32
17.66	1406.16
17.77	1396.21
17.77	1396.99
17.77	1397.80
17.77	1398.63
17.77	1399.46
17.77	1400.29
17.77	1401.12
17.77	1401.95
17.79	1400.95
17.79	1401.78
17.88	1393.81
17.88	1394.54
17.88	1395.36
17.88	1396.19
17.90	1395.47
17.90	1396.29
17.98	1389.04
17.98	1389.76
17.99	1389.60
17.99	1390.42
17.99	1391.23
18.01	1390.57
18.06	1386.11
18.09	1384.11
18.09	1384.92
18.10	1385.08
18.10	1385.89
18.10	1386.71
18.10	1387.52
18.15	1383.16
18.17	1382.77
18.20	1380.19
18.21	1380.34
18.21	1381.14
18.21	1381.95
18.21	1382.75
18.21	1383.56
18.25	1381.08
18.28	1378.89
18.31	1376.34
18.32	1376.46
18.32	1377.26
18.32	1378.06
18.32	1378.86
18.34	1378.20
18.34	1379.00
18.35	1378.41
18.39	1375.88
18.42	1373.36
18.43	1373.46
18.44	1373.13
18.46	1372.39
18.51	1368.13
18.54	1366.98
18.54	1367.77
18.54	1368.56
18.55	1367.99
18.57	1367.05
18.62	1362.84
18.64	1362.03
18.64	1362.82
18.64	1363.60
18.64	1364.38
18.66	1363.51
18.68	1362.58
18.74	1358.42
18.75	1357.63
18.75	1358.40
18.75	1359.18
18.75	1359.96
18.75	1360.74
18.77	1359.90
18.79	1358.98
18.85	1354.88
18.86	1354.08
18.86	1354.83
18.86	1355.60
18.86	1356.37
18.86	1357.14
18.86	1357.92
18.88	1357.13
18.90	1356.22
18.95	1352.27
18.97	1351.33
18.97	1352.09
18.97	1352.86
18.97	1353.63
18.97	1354.39
18.98	1355.16
18.98	1355.92
18.99	1355.19
19.01	1354.29
19.06	1350.37
19.08	1349.48
19.08	1350.24
19.08	1351.00
19.08	1351.76
19.08	1352.50
19.09	1353.24
19.09	1354.00
19.09	1354.55
19.10	1354.06
19.12	1353.18
19.17	1349.28
19.19	1348.37
19.19	1349.13
19.19	1349.89
19.19	1350.64
19.20	1351.35
19.20	1352.11
19.20	1352.65
19.20	1353.41
19.20	1354.16
19.21	1353.72
19.23	1352.85
19.30	1347.31
19.30	1348.06
19.30	1348.81
19.31	1349.55
19.31	1350.26
19.31	1351.01
19.31	1351.76
19.31	1352.51
19.31	1353.26
19.31	1354.01
19.31	1354.63
19.32	1354.15
19.34	1353.29
19.41	1347.78
19.42	1348.51
19.42	1349.25
19.42	1349.95
19.42	1350.70
19.42	1351.44
19.42	1352.18
19.42	1352.93
19.42	1353.67
19.42	1354.42
19.42	1355.06
19.42	1355.80
19.43	1355.34
19.45	1354.48
19.53	1348.97
19.53	1349.71
19.53	1350.41
19.53	1351.15
19.53	1351.88
19.53	1352.62
19.53	1353.36
19.53	1354.10
19.53	1354.84
19.53	1355.58
19.53	1356.32
19.53	1356.98
19.53	1357.71
19.54	1357.28
19.58	1354.91
19.64	1350.94
19.64	1351.65
19.64	1352.38
19.64	1353.12
19.64	1353.85
19.64	1354.59
19.64	1355.32
19.64	1356.06
19.64	1356.79
19.64	1357.52
19.64	1358.26
19.64	1358.99
19.64	1359.73
19.64	1360.46
19.67	1358.45
19.69	1357.75
19.75	1353.63
19.75	1354.31
19.75	1355.04
19.75	1355.77
19.75	1356.50
19.75	1357.23
19.75	1357.96
19.75	1358.69
19.75	1359.42
19.75	1360.15
19.75	1360.88
19.75	1361.60
19.75	1362.33
19.75	1363.06
19.76	1362.70
19.78	1362.00
19.82	1359.48
19.86	1356.96
19.86	1357.69
19.86	1358.41
19.86	1359.13
19.86	1359.86
19.86	1360.58
19.86	1361.31
19.86	1362.03
19.86	1362.75
19.86	1363.48
19.86	1364.20
19.86	1364.93
19.86	1365.65
19.86	1366.37
19.86	1367.10
19.87	1366.77
19.89	1366.07
19.93	1363.57
19.97	1361.03
19.97	1361.75
19.97	1362.47
19.97	1363.19
19.97	1363.91
19.97	1364.63
19.97	1365.35
19.97	1366.07
19.97	1366.79
19.97	1367.50
19.97	1368.22
19.97	1368.94
19.97	1369.66
19.97	1370.38
19.97	1371.10
19.98	1370.79
19.98	1371.51
20.08	1364.33
20.08	1365.05
20.08	1365.76
20.08	1366.48
20.08	1367.19
20.08	1367.90
20.08	1368.62
20.08	1369.33
20.08	1370.05
20.08	1370.76
20.08	1371.48
20.08	1372.19
20.08	1372.90
20.08	1373.62
20.08	1374.33
20.08	1375.05
20.08	1375.76
20.09	1375.47
20.09	1376.19
20.19	1369.03
20.19	1369.74
20.19	1370.45
20.19	1371.13
20.19	1371.84
20.19	1372.55
20.19	1373.26
20.19	1373.85
20.20	1373.59
20.20	1374.30
20.29	1367.48
20.29	1368.18
20.29	1368.89
20.30	1369.59
20.30	1370.18
20.30	1370.88
20.30	1371.58
20.30	1372.29
20.30	1372.96
20.30	1373.20
20.30	1373.91
20.40	1367.12
20.40	1367.82
20.40	1368.52
20.40	1369.18
20.40	1369.80
20.40	1370.51
20.40	1371.21
20.41	1371.08
20.41	1371.78
20.41	1372.48
20.41	1372.74
20.41	1373.44
20.51	1366.70
20.51	1367.40
20.51	1368.05
20.51	1368.75
20.51	1369.37
20.51	1370.06
20.52	1369.94
20.52	1370.63
20.52	1371.33
20.52	1372.02
20.52	1372.72
20.53	1373.00
20.53	1373.69
20.62	1367.02
20.62	1367.65
20.62	1368.34
20.62	1368.95
20.62	1369.65
20.63	1369.52
20.63	1370.21
20.63	1370.90
20.63	1371.59
20.63	1372.28
20.63	1372.97
20.63	1373.66
20.64	1373.96
20.64	1374.65
20.73	1367.96
20.73	1368.64
20.73	1369.25
20.73	1369.94
20.74	1369.81
20.74	1370.50
20.74	1371.19
20.74	1371.87
20.74	1372.56
20.74	1373.25
20.74	1373.93
20.74	1374.62
20.74	1375.30
20.74	1375.71
20.75	1376.40
20.84	1369.77
20.84	1370.46
20.84	1371.14
20.85	1370.84
20.85	1371.52
20.85	1372.20
20.85	1372.88
20.85	1373.57
20.85	1374.25
20.85	1374.93
20.85	1375.61
20.85	1376.29
20.85	1376.98
20.85	1377.66
20.94	1371.24
20.94	1371.92
20.94	1372.60
20.95	1372.28
20.95	1372.96
20.95	1373.64
20.95	1374.31
20.96	1374.88
20.96	1375.55
20.96	1376.23
20.96	1376.91
20.96	1377.35
20.96	1378.03
21.06	1370.44
21.07	1370.98
21.07	1371.65
21.07	1372.32
21.07	1373.00
21.07	1373.44
21.07	1374.11
21.07	1374.79
21.07	1375.25
21.16	1368.74
21.18	1368.48
21.18	1369.15
21.18	1369.82
21.18	1370.49
21.18	1370.93
21.18	1371.60
21.18	1372.06
21.18	1372.73
21.18	1373.40
21.29	1366.04
21.29	1366.71
21.29	1367.37
21.29	1368.04
21.29	1368.47
21.29	1369.14
21.29	1369.60
21.29	1370.26
21.29	1370.93
21.29	1371.59
21.29	1372.25
21.39	1365.67
21.39	1366.33
21.39	1366.99
21.39	1367.65
21.40	1367.41
21.40	1367.97
21.40	1368.63
21.40	1369.29
21.40	1369.95
21.40	1370.56
21.40	1371.22
21.40	1371.88
21.49	1365.79
21.49	1366.44
21.49	1367.10
21.49	1367.76
21.50	1367.63
21.50	1368.29
21.50	1368.95
21.50	1369.60
21.51	1369.48
21.51	1370.14
21.51	1370.80
21.52	1371.45
21.52	1371.76
21.60	1366.60
21.60	1367.26
21.60	1367.91
21.60	1368.56
21.61	1368.11
21.61	1368.76
21.61	1369.42
21.61	1370.07
21.62	1370.06
21.62	1370.71
21.62	1371.36
21.62	1372.01
21.62	1372.43
21.63	1373.08
21.70	1367.84
21.70	1368.49
21.70	1369.14
21.70	1369.79
21.72	1369.07
21.72	1369.70
21.72	1370.34
21.72	1370.99
21.73	1370.98
21.73	1371.63
21.73	1372.28
21.73	1372.92
21.74	1373.34
21.74	1373.99
21.74	1374.63
21.81	1369.46
21.81	1370.10
21.81	1370.75
21.83	1369.97
21.83	1370.62
21.83	1371.26
21.83	1371.91
21.84	1371.89
21.84	1372.54
21.84	1373.18
21.84	1373.83
21.85	1374.24
21.85	1374.88
21.85	1375.52
21.86	1374.88
21.92	1371.05
21.92	1371.68
21.92	1372.32
21.94	1371.54
21.95	1371.29
21.96	1371.93
21.96	1372.57
21.98	1371.57
22.03	1368.04
22.03	1368.64
22.03	1369.28
22.05	1369.05
22.07	1368.28
22.07	1368.90
22.07	1369.54
22.09	1368.56
22.14	1365.07
22.14	1365.71
22.14	1366.34
22.16	1366.06
22.18	1365.31
22.18	1365.90
22.25	1361.28
22.25	1361.91
22.27	1361.18
22.29	1360.37
22.29	1361.00
22.29	1361.63
22.36	1357.08
22.36	1357.71
22.38	1356.64
22.40	1356.20
22.40	1356.80
22.40	1357.43
22.40	1358.06
22.47	1353.56
22.47	1354.19
22.49	1353.14
22.51	1352.71
22.51	1353.29
22.51	1353.92
22.51	1354.54
22.51	1355.16
22.58	1350.74
22.58	1351.05
22.60	1350.51
22.62	1349.89
22.62	1350.46
22.62	1351.08
22.62	1351.69
22.62	1352.31
22.69	1347.62
22.69	1348.24
22.71	1347.83
22.73	1347.04
22.73	1347.66
22.73	1348.27
22.73	1348.88
22.73	1349.50
22.77	1347.55
22.80	1345.48
22.84	1343.61
22.84	1344.22
22.86	1343.63
22.88	1342.85
22.91	1341.17
22.91	1341.78
22.95	1339.63
22.95	1340.24
22.97	1339.67
23.00	1337.94
23.02	1337.22
23.02	1337.83
23.02	1338.44
23.06	1336.32
23.06	1336.92
23.07	1337.04
23.13	1333.34
23.13	1333.94
23.13	1334.54
23.13	1335.14
23.13	1335.74
23.16	1334.30
23.16	1334.91
23.18	1334.02
23.24	1330.72
23.24	1331.30
23.24	1331.90
23.24	1332.50
23.24	1333.10
23.24	1333.70
23.27	1332.30
23.27	1332.71
23.33	1329.42
23.34	1329.23
23.34	1329.83
23.34	1330.42
23.34	1331.02
23.35	1331.52
23.35	1332.11
23.35	1332.71
23.38	1330.93
23.42	1328.75
23.44	1328.56
23.45	1327.88
23.45	1328.48
23.45	1329.07
23.45	1329.66
23.46	1330.25
23.46	1330.85
23.46	1331.44
23.46	1332.03
23.51	1328.69
23.53	1328.50
23.54	1328.46
23.56	1327.16
23.56	1327.75
23.56	1328.34
23.57	1328.93
23.57	1329.52
23.57	1330.10
23.57	1330.69
23.57	1331.28
23.57	1331.87
23.62	1329.04
23.63	1328.92
23.65	1328.33
23.67	1327.03
23.68	1327.61
23.68	1328.20
23.68	1328.78
23.68	1329.37
23.68	1329.96
23.68	1330.54
23.68	1331.13
23.68	1331.71
23.70	1330.97
23.72	1330.06
23.74	1329.47
23.75	1329.37
23.79	1327.51
23.79	1328.08
23.79	1328.66
23.79	1329.24
23.79	1329.82
23.79	1330.41
23.79	1330.99
23.79	1331.57
23.79	1332.15
23.79	1332.74
23.80	1332.42
23.83	1331.20
23.84	1331.09
23.88	1329.24
23.90	1328.55
23.90	1329.13
23.90	1329.71
23.90	1330.29
23.90	1330.87
23.90	1331.45
23.90	1332.03
23.90	1332.61
23.90	1333.19
23.90	1333.77
23.90	1334.35
23.90	1334.60
23.93	1333.40
23.97	1331.55
23.99	1330.89
24.00	1330.65
24.00	1331.22
24.00	1331.80
24.00	1332.38
24.01	1332.56
24.01	1333.13
24.01	1333.71
24.01	1334.29
24.01	1334.86
24.01	1335.44
24.01	1336.02
24.01	1336.59
24.01	1336.97
24.06	1334.43
24.08	1333.77
24.09	1333.68
24.10	1333.34
24.10	1333.92
24.10	1334.49
24.10	1335.06
24.11	1335.00
24.11	1335.58
24.11	1336.15
24.11	1336.72
24.12	1337.11
24.12	1337.68
24.12	1338.26
24.12	1338.83
24.12	1339.40
24.12	1339.98
24.17	1337.21
24.18	1337.04
24.19	1336.70
24.21	1336.11
24.21	1336.68
24.21	1337.25
24.21	1337.82
24.22	1337.78
24.22	1338.33
24.22	1338.90
24.23	1339.29
24.23	1339.86
24.23	1340.43
24.23	1341.00
24.23	1341.57
24.23	1342.14
24.23	1342.71
24.24	1342.45
24.27	1340.96
24.29	1340.62
24.31	1339.43
24.31	1339.99
24.31	1340.56
24.32	1341.13
24.32	1341.20
24.33	1341.07
24.33	1341.64
24.34	1342.02
24.34	1342.59
24.34	1343.15
24.34	1343.72
24.34	1344.29
24.34	1344.86
24.34	1345.42
24.34	1345.99
24.34	1346.56
24.35	1346.33
24.38	1345.08
24.41	1343.96
24.42	1343.29
24.43	1343.86
24.43	1344.42
24.43	1344.99
24.44	1344.38
24.44	1344.94
24.44	1345.51
24.44	1346.07
24.44	1346.63
24.45	1347.20
24.45	1347.76
24.45	1348.33
24.45	1348.78
24.45	1349.35
24.45	1349.91
24.45	1350.47
24.45	1351.04
24.46	1351.00
24.49	1349.49
24.52	1348.38
24.54	1347.70
24.54	1348.26
24.54	1348.82
24.54	1349.38
24.55	1349.11
24.55	1349.67
24.55	1350.24
24.55	1350.80
24.55	1351.26
24.55	1351.82
24.55	1352.39
24.55	1352.95
24.55	1353.41
24.55	1353.97
24.55	1354.53
24.55	1355.10
24.56	1355.43
24.57	1355.37
24.57	1355.93
24.60	1354.44
24.63	1353.24
24.64	1352.98
24.64	1353.54
24.64	1354.10
24.64	1354.66
24.66	1354.05
24.66	1354.61
24.66	1355.16
24.66	1355.72
24.66	1356.28
24.66	1356.84
24.66	1357.40
24.66	1357.95
24.66	1358.51
24.66	1359.07
24.66	1359.63
24.66	1360.19
24.66	1360.74
24.66	1361.30
24.68	1360.83
24.68	1361.38
24.72	1359.36
24.73	1359.11
24.75	1358.45
24.75	1359.00
24.75	1359.56
24.75	1360.11
24.77	1359.49
24.77	1360.04
24.77	1360.60
24.77	1361.15
24.77	1361.71
24.77	1362.26
24.77	1362.82
24.77	1363.37
24.77	1363.93
24.77	1364.48
24.77	1365.04
24.77	1365.59
24.77	1366.15
24.77	1366.70
24.77	1367.26
24.79	1367.06
24.79	1367.61
24.82	1365.74
24.84	1365.08
24.86	1364.42
24.86	1364.96
24.86	1365.51
24.88	1365.05
24.88	1365.61
24.88	1366.16
24.88	1366.71
24.88	1367.15
24.88	1367.71
24.88	1368.26
24.88	1368.81
24.88	1369.36
24.88	1369.91
24.88	1370.47
24.88	1371.02
24.88	1371.57
24.88	1372.12
24.88	1372.67
24.88	1373.23
24.88	1373.78
24.90	1373.55
24.90	1373.72
24.93	1372.23
24.95	1371.56
24.97	1371.06
24.97	1371.61
24.97	1372.16
24.99	1371.60
24.99	1372.15
24.99	1372.70
24.99	1373.20
24.99	1373.75
24.99	1374.30
24.99	1374.85
24.99	1375.40
24.99	1375.95
24.99	1376.50
24.99	1377.05
24.99	1377.55
24.99	1378.10
24.99	1378.65
24.99	1379.20
24.99	1379.74
24.99	1380.29
25.01	1379.98
25.01	1380.53
25.04	1378.64
25.06	1378.13
25.08	1377.47
25.08	1378.00
25.08	1378.55
25.10	1378.01
25.10	1378.54
25.10	1379.08
25.10	1379.63
25.10	1380.17
25.10	1380.72
25.10	1381.26
25.10	1381.77
25.15	1378.83
25.17	1378.32
25.19	1377.74
25.19	1378.28
25.19	1378.83
25.20	1378.81
25.20	1379.29
25.20	1379.84
25.20	1380.38
25.20	1380.92
25.21	1380.85
25.21	1381.39
25.21	1381.93
25.21	1382.48
25.26	1379.73
25.28	1379.14
25.29	1379.10
25.29	1379.64
25.29	1380.13
25.30	1379.94
25.30	1380.48
25.30	1381.02
25.30	1381.56
25.31	1381.78
25.32	1381.56
25.32	1382.10
25.32	1382.64
25.32	1383.18
25.32	1383.72
25.37	1381.09
25.38	1381.05
25.39	1380.77
25.39	1381.31
25.39	1381.85
25.41	1381.21
25.41	1381.74
25.41	1382.28
25.41	1382.82
25.43	1382.29
25.43	1382.82
25.43	1383.36
25.43	1383.90
25.43	1384.44
25.43	1384.97
25.43	1385.51
25.47	1383.53
25.48	1383.26
25.50	1382.58
25.50	1383.12
25.52	1382.49
25.52	1383.03
25.52	1383.57
25.52	1384.10
25.52	1384.64
25.54	1384.42
25.54	1384.96
25.54	1385.49
25.54	1386.03
25.54	1386.29
25.54	1386.82
25.54	1387.36
25.54	1387.89
25.58	1386.27
25.61	1384.41
25.61	1384.94
25.61	1385.47
25.62	1385.45
25.62	1385.98
25.62	1386.51
25.63	1386.43
25.63	1386.97
25.64	1386.84
25.64	1387.38
25.64	1387.91
25.64	1388.44
25.65	1388.96
25.65	1389.49
25.65	1390.02
25.65	1390.56
25.65	1391.09
25.70	1387.94
25.72	1387.81
25.72	1388.34
25.72	1388.87
25.73	1388.32
25.73	1388.84
25.73	1389.37
25.74	1389.74
25.74	1390.27
25.75	1390.24
25.75	1390.77
25.75	1391.30
25.75	1391.83
25.75	1392.19
25.75	1392.72
25.75	1393.25
25.75	1393.78
25.75	1394.05
25.75	1394.58
25.81	1391.93
25.83	1391.20
25.83	1391.72
25.83	1392.24
25.84	1392.10
25.84	1392.63
25.84	1393.15
25.84	1393.68
25.84	1394.04
25.85	1393.99
25.85	1394.52
25.85	1395.05
25.85	1395.58
25.86	1395.86
25.86	1396.39
25.86	1396.92
25.86	1397.44
25.86	1397.96
25.89	1396.48
25.92	1395.22
25.93	1395.03
25.93	1395.55
25.93	1396.08
25.94	1395.83
25.94	1396.36
25.94	1396.88
25.94	1397.41
25.95	1397.60
25.96	1397.32
25.96	1397.85
25.96	1398.37
25.96	1398.90
25.97	1399.18
25.97	1399.69
25.97	1400.21
25.99	1399.09
25.99	1399.61
26.02	1398.47
26.03	1398.19
26.03	1398.72
26.03	1399.24
26.05	1398.62
26.08	1397.62
26.08	1397.67
26.10	1397.25
26.10	1397.77
26.10	1398.29
26.10	1398.57
26.12	1397.85
26.14	1397.20
26.14	1397.73
26.14	1398.25
26.16	1397.63
26.19	1396.63
26.19	1396.91
26.20	1396.65
26.20	1397.17
26.20	1397.69
26.21	1398.03
26.21	1398.55
26.23	1397.41
26.25	1396.76
26.25	1397.26
26.25	1397.78
26.27	1397.18
26.30	1396.25
26.30	1396.76
26.31	1396.65
26.31	1397.17
26.31	1397.69
26.32	1397.56
26.32	1398.08
26.32	1398.60
26.34	1397.49
26.36	1396.85
26.36	1397.33
26.36	1397.85
26.37	1397.77
26.41	1396.32
26.41	1396.84
26.42	1396.74
26.42	1397.24
26.42	1397.76
26.42	1398.18
26.42	1398.70
26.42	1399.21
26.42	1399.73
26.45	1398.10
26.47	1397.89
26.47	1398.41
26.47	1398.92
26.48	1398.61
26.51	1397.32
26.51	1397.84
26.53	1397.36
26.53	1397.84
26.53	1398.35
26.53	1398.78
26.53	1399.29
26.53	1399.80
26.53	1400.31
26.53	1400.82
26.56	1399.59
26.57	1399.26
26.57	1399.77
26.57	1400.28
26.58	1400.32
26.62	1398.44
26.62	1398.95
26.64	1398.49
26.64	1398.96
26.64	1399.47
26.64	1399.89
26.64	1400.40
26.64	1400.91
26.64	1401.42
26.64	1401.92
26.65	1401.88
26.66	1401.54
26.68	1401.40
26.68	1401.91
26.68	1402.42
26.69	1401.82
26.73	1400.07
26.73	1400.58
26.74	1400.49
26.74	1401.00
26.74	1401.50
26.74	1402.01
26.75	1402.03
26.75	1402.54
26.75	1403.04
26.75	1403.55
26.76	1403.50
26.76	1404.01
26.77	1404.19
26.79	1403.55
26.79	1404.04
26.79	1404.55
26.80	1403.97
26.83	1402.68
26.83	1403.18
26.85	1402.62
26.85	1403.12
26.85	1403.63
26.85	1404.13
26.85	1404.64
26.85	1405.14
26.85	1405.65
26.85	1406.15
26.86	1406.23
26.87	1406.15
26.88	1406.31
26.88	1406.82
26.90	1406.20
26.90	1406.67
26.90	1407.17
26.91	1406.61
26.94	1405.31
26.94	1405.81
26.96	1405.26
26.96	1405.75
26.96	1406.24
26.96	1406.74
26.96	1407.24
26.96	1407.74
26.97	1407.89
26.97	1408.39
26.97	1408.89
26.97	1409.37
26.99	1408.92
26.99	1409.42
27.01	1408.82
27.01	1409.27
27.01	1409.77
27.02	1409.58
27.06	1407.91
27.06	1408.41
27.07	1408.34
27.07	1408.84
27.07	1409.34
27.07	1409.84
27.07	1409.85
27.11	1408.18
27.11	1408.68
27.13	1408.06
27.16	1406.95
27.16	1407.45
27.17	1407.05
27.17	1407.55
27.17	1408.04
27.17	1408.54
27.20	1407.31
27.20	1407.81
27.22	1407.18
27.22	1407.67
27.24	1406.81
27.26	1406.18
27.26	1406.68
27.28	1406.05
27.28	1406.55
27.28	1407.04
27.31	1405.82
27.33	1405.18
27.33	1405.67
27.33	1406.17
27.34	1406.46
27.35	1405.83
27.37	1405.19
27.37	1405.69
27.39	1405.07
27.39	1405.56
27.40	1405.47
27.43	1404.58
27.44	1404.21
27.44	1404.69
27.49	1402.09
27.49	1402.58
27.52	1401.72
27.53	1401.35
27.54	1401.18
27.54	1401.67
27.54	1402.16
27.60	1399.12
27.60	1399.61
27.63	1398.77
27.63	1398.92
27.65	1398.24
27.65	1398.71
27.65	1399.20
27.66	1399.69
27.72	1396.68
27.72	1397.16
27.74	1396.34
27.75	1396.42
27.76	1395.79
27.77	1396.27
27.77	1396.76
27.77	1397.25
27.77	1397.73
27.83	1394.77
27.83	1395.04
27.85	1394.44
27.86	1394.17
27.88	1393.89
27.88	1394.36
27.88	1394.84
27.88	1395.32
27.88	1395.81
27.88	1396.29
27.94	1393.37
27.94	1393.64
27.95	1393.38
27.99	1392.01
27.99	1392.49
27.99	1392.95
27.99	1393.43
27.99	1393.92
27.99	1394.40
27.99	1394.88
28.00	1394.76
28.05	1392.26
28.05	1392.74
28.06	1392.49
28.09	1391.51
28.09	1391.98
28.09	1392.46
28.09	1392.94
28.10	1393.04
28.10	1393.50
28.10	1393.98
28.10	1394.30
28.10	1394.78
28.16	1391.86
28.17	1391.61
28.19	1391.06
28.19	1391.54
28.19	1392.01
28.19	1392.49
28.21	1392.16
28.21	1392.61
28.21	1393.08
28.21	1393.40
28.21	1393.87
28.21	1394.35
28.26	1391.81
28.28	1391.27
28.30	1390.89
28.30	1391.37
28.30	1391.84
28.30	1392.32
28.30	1392.61
28.37	1389.04
28.39	1388.67
28.41	1388.08
28.41	1388.56
28.41	1389.03
28.41	1389.50
28.41	1389.98
28.41	1390.45
28.48	1386.94
28.50	1386.36
28.52	1385.78
28.52	1386.24
28.52	1386.71
28.52	1387.18
28.52	1387.65
28.56	1386.08
28.56	1386.55
28.59	1385.13
28.61	1384.56
28.63	1383.98
28.63	1384.43
28.63	1384.90
28.63	1385.36
28.63	1385.83
28.66	1384.49
28.66	1384.96
28.66	1385.43
28.70	1383.82
28.72	1383.25
28.74	1382.68
28.74	1383.11
28.74	1383.57
28.74	1384.04
28.74	1384.51
28.76	1383.71
28.76	1384.17
28.76	1384.64
28.76	1385.11
28.81	1383.00
28.83	1382.44
28.85	1381.94
28.85	1382.41
28.85	1382.87
28.85	1383.34
28.85	1383.78
28.87	1382.88
28.87	1383.34
28.87	1383.80
28.88	1384.27
28.88	1384.73
28.92	1382.67
28.94	1382.11
28.95	1382.06
28.95	1382.53
28.95	1382.99
28.95	1383.45
28.96	1383.52
28.98	1382.54
28.99	1382.99
28.99	1383.45
28.99	1383.91
28.99	1384.38
28.99	1384.84
29.03	1382.81
29.04	1382.70
29.06	1382.19
29.06	1382.65
29.06	1383.11
29.06	1383.57
29.08	1383.25
29.10	1382.66
29.10	1383.12
29.10	1383.58
29.10	1384.04
29.10	1384.50
29.10	1384.96
29.10	1385.42
29.13	1383.81
29.17	1382.53
29.17	1382.99
29.17	1383.45
29.17	1383.91
29.17	1384.22
29.20	1382.83
29.21	1383.29
29.21	1383.75
29.21	1384.21
29.21	1384.67
29.21	1385.12
29.21	1385.58
29.21	1386.04
29.21	1386.50
29.26	1384.17
29.28	1383.60
29.28	1384.05
29.28	1384.51
29.28	1384.97
29.30	1384.47
29.31	1384.24
29.31	1384.69
29.31	1385.15
29.31	1385.61
29.31	1385.98
29.31	1386.44
29.31	1386.90
29.31	1387.35
29.31	1387.73
29.31	1388.19
29.39	1384.69
29.39	1385.15
29.39	1385.60
29.39	1386.06
29.39	1386.51
29.40	1386.33
29.41	1386.02
29.42	1386.47
29.42	1386.93
29.42	1387.38
29.42	1387.76
29.42	1388.21
29.42	1388.67
29.42	1389.12
29.42	1389.51
29.42	1389.96
29.42	1390.42
29.49	1387.01
29.49	1387.46
29.49	1387.92
29.49	1388.37
29.50	1388.68
29.50	1388.82
29.53	1387.99
29.53	1388.44
29.53	1388.90
29.53	1389.35
29.53	1389.72
29.53	1390.18
29.53	1390.63
29.53	1391.08
29.53	1391.53
29.53	1391.93
29.53	1392.38
29.53	1392.74
29.59	1389.82
29.60	1390.28
29.60	1390.73
29.60	1391.18
29.60	1391.49
29.60	1391.76
29.64	1390.42
29.64	1390.86
29.64	1391.31
29.64	1391.68
29.64	1392.13
29.64	1392.58
29.64	1393.04
29.64	1393.49
29.64	1393.94
29.64	1394.39
29.64	1394.80
29.64	1395.25
29.66	1394.60
29.70	1393.08
29.70	1393.53
29.70	1393.98
29.70	1394.43
29.70	1394.86
29.71	1394.63
29.75	1393.30
29.75	1393.72
29.75	1394.17
29.75	1394.54
29.75	1394.99
29.75	1395.43
29.75	1395.88
29.75	1396.33
29.75	1396.78
29.75	1397.23
29.75	1397.65
29.75	1398.10
29.75	1398.48
29.77	1398.24
29.80	1396.65
29.80	1397.10
29.80	1397.55
29.80	1397.99
29.84	1396.70
29.84	1397.15
29.86	1396.60
29.86	1397.01
29.86	1397.37
29.86	1397.81
29.86	1398.26
29.86	1398.71
29.86	1399.15
29.86	1399.60
29.86	1400.05
29.86	1400.48
29.86	1400.92
29.86	1401.37
29.86	1401.81
29.87	1401.84
29.91	1399.94
29.91	1400.37
29.91	1400.82
29.93	1400.54
29.95	1399.97
29.95	1400.41
29.96	1400.10
29.96	1400.54
29.96	1400.99
29.96	1401.43
29.96	1401.80
29.96	1402.24
29.97	1402.69
29.97	1403.13
29.97	1403.54
29.97	1403.99
29.97	1404.43
29.97	1404.88
29.97	1405.17
