0.770237	0.091241
0.770237	0.047400
0.770237	0.046200
0.770237	0.092438
0.861478	0.091242
0.861478	0.047400
0.861478	0.046200
0.861478	0.092439
0.862675	0.092445
0.862675	0.048603
0.862675	0.047403
0.862675	0.093642
0.952720	0.091242
0.952720	0.047400
0.952720	0.046200
0.952720	0.092438
0.953917	0.092445
0.953917	0.048603
0.953917	0.047403
0.953917	0.093641
0.955120	0.093642
0.955120	0.049800
0.955120	0.048600
0.955120	0.094838
0.956317	0.094845
0.956317	0.051003
0.956317	0.049803
0.956317	0.096041
1.043962	0.091241
1.043962	0.047400
1.043962	0.046200
1.043962	0.092438
1.045158	0.092445
1.045158	0.048604
1.045158	0.047404
1.045158	0.093642
1.046362	0.093641
1.046362	0.049800
1.046362	0.048600
1.046362	0.094838
1.047558	0.094845
1.047558	0.051004
1.047558	0.049804
1.047558	0.096042
1.048762	0.096041
1.048762	0.052200
1.048762	0.051000
1.048762	0.097238
1.049958	0.097245
1.049958	0.053404
1.049958	0.052204
1.049958	0.098442
1.051162	0.098441
1.051162	0.054600
1.051162	0.053400
1.051162	0.099638
1.052358	0.099645
1.052358	0.055804
1.052358	0.054604
1.052358	0.100842
1.135203	0.091242
1.135203	0.047400
1.135203	0.046200
1.135203	0.092439
1.136400	0.092445
1.136400	0.048603
1.136400	0.047403
1.136400	0.093642
1.137603	0.093642
1.137603	0.049800
1.137603	0.048600
1.137603	0.094839
1.138800	0.094845
1.138800	0.051003
1.138800	0.049803
1.138800	0.096042
1.140003	0.096042
1.140003	0.052200
1.140003	0.051000
1.140003	0.097239
1.141200	0.097245
1.141200	0.053403
1.141200	0.052203
1.141200	0.098442
1.142403	0.053400
1.143600	0.097242
1.143600	0.098445
1.143600	0.054603
1.144803	0.098442
1.146000	0.098448
1.146000	0.099651
1.146000	0.055803
1.147203	0.051000
1.148400	0.099648
1.148400	0.055803
1.148400	0.057003
1.149603	0.100842
1.150800	0.055803
1.150800	0.102045
1.150800	0.058203
1.152003	0.048600
1.153200	0.102042
1.153200	0.058203
1.153200	0.104442
1.226445	0.046200
1.227642	0.091238
1.227642	0.092444
1.227642	0.048600
1.228845	0.046200
1.230042	0.092438
1.230042	0.093641
1.230042	0.049800
1.231245	0.093641
1.232442	0.048600
1.232442	0.094841
1.232442	0.051000
1.233645	0.094838
1.234842	0.094848
1.234842	0.097248
1.234842	0.052200
1.236045	0.097241
1.237242	0.051000
1.237242	0.097244
1.237242	0.053400
1.238445	0.097241
1.239642	0.097244
1.239642	0.098448
1.239642	0.054600
1.240842	0.046200
1.240842	0.047400
1.242045	0.053397
1.243245	0.046200
1.243245	0.097238
1.244448	0.052194
1.245651	0.096035
1.248048	0.094838
1.248048	0.096038
1.248048	0.052194
1.250445	0.046200
1.250445	0.047400
1.250445	0.096038
1.252845	0.094838
1.252845	0.049797
1.255242	0.046200
1.255242	0.047400
1.255242	0.093638
1.257642	0.046200
1.257642	0.092438
1.318880	0.046200
1.318880	0.092438
1.320086	0.046200
1.322480	0.091238
1.322480	0.092445
1.322480	0.048600
1.323683	0.046200
1.324886	0.092432
1.324886	0.048594
1.327283	0.091239
1.327283	0.047400
1.328483	0.091239
1.328483	0.047400
1.329690	0.091238
1.332090	0.046200
1.333286	0.091239
1.333286	0.047400
1.334486	0.091239
1.334486	0.047400
1.335686	0.091239
1.335686	0.047400
1.336886	0.091239
1.338090	0.046200
1.340483	0.091239
1.340483	0.092442
1.340483	0.093642
1.340483	0.049800
1.340483	0.046200
1.340483	0.094842
1.341686	0.096042
1.341686	0.050997
1.342886	0.096039
1.344086	0.049797
1.346483	0.046200
1.346483	0.047400
1.346483	0.093639
1.346483	0.049800
1.347683	0.093639
1.348880	0.093645
1.348880	0.094845
1.348880	0.051003
1.348880	0.052203
1.350080	0.046203
1.350080	0.096042
1.411318	0.046200
1.411318	0.092439
1.413718	0.046200
1.413718	0.092439
1.414925	0.046200
1.417318	0.091239
1.417318	0.092445
1.417318	0.048600
1.418522	0.046200
1.418522	0.092438
1.419722	0.092448
1.419722	0.048596
1.420928	0.046200
1.420928	0.092438
1.424525	0.092441
1.424525	0.047400
1.425725	0.046200
1.425725	0.092438
1.426925	0.092441
1.426925	0.047400
1.428125	0.046200
1.428125	0.092438
1.431722	0.046200
1.431722	0.092438
1.432925	0.046200
1.434125	0.091238
1.435325	0.046200
1.435325	0.092438
1.435325	0.048600
1.437728	0.091238
1.438925	0.092438
1.438925	0.047400
1.440122	0.046200
1.440122	0.092438
1.440122	0.093641
1.440122	0.049800
1.441322	0.046203
1.441322	0.093638
1.442525	0.048597
1.443725	0.092435
1.446122	0.046200
1.446122	0.092438
1.446122	0.048600
1.446122	0.094838
1.503757	0.046200
1.503757	0.092438
1.506157	0.046200
1.506157	0.092438
1.508557	0.046200
1.508557	0.092438
1.509763	0.046200
1.510960	0.091238
1.510960	0.092451
1.510960	0.048600
1.512170	0.046200
1.513366	0.092432
1.513366	0.048594
1.513366	0.094832
1.516966	0.046200
1.518163	0.091239
1.518163	0.092445
1.518163	0.048600
1.519366	0.046200
1.520563	0.092439
1.520563	0.094839
1.520563	0.049800
1.524160	0.046200
1.524160	0.092438
1.525363	0.046200
1.525363	0.092439
1.527763	0.046200
1.527763	0.092439
1.528966	0.046200
1.528966	0.092439
1.531363	0.046200
1.532560	0.091238
1.532560	0.092445
1.532560	0.048600
1.533763	0.093639
1.534960	0.093642
1.534960	0.048600
1.534960	0.049800
1.536160	0.046200
1.536160	0.093638
1.538560	0.093642
1.538560	0.048600
1.540960	0.046200
1.540960	0.092438
1.596195	0.046200
1.596195	0.092439
1.598595	0.046200
1.598595	0.092439
1.600995	0.046200
1.600995	0.092439
1.602198	0.046200
1.602198	0.092439
1.603411	0.046200
1.605798	0.091239
1.605798	0.093642
1.605798	0.048600
1.608198	0.046200
1.608198	0.092439
1.609402	0.046200
1.609402	0.092438
1.610608	0.046200
1.613002	0.091238
1.613002	0.093641
1.613002	0.048600
1.615402	0.046200
1.616598	0.091242
1.616598	0.092445
1.616598	0.048604
1.617802	0.046200
1.617802	0.092438
1.620202	0.046200
1.620202	0.092438
1.621405	0.046200
1.621405	0.092438
1.623798	0.046200
1.623798	0.092439
1.625005	0.046200
1.627402	0.091238
1.627402	0.047400
1.628602	0.091238
1.629798	0.091245
1.629798	0.047404
1.629798	0.046204
1.629798	0.092442
1.632202	0.046200
1.633398	0.091239
1.633398	0.047400
1.633398	0.093639
1.688634	0.046200
1.688634	0.092438
1.691034	0.046200
1.691034	0.092438
1.693434	0.046200
1.693434	0.092438
1.694637	0.046200
1.694637	0.092438
1.697037	0.046200
1.697037	0.092438
1.699440	0.046200
1.700637	0.091238
1.700637	0.092445
1.700637	0.048600
1.701840	0.046200
1.701840	0.092438
1.704240	0.046200
1.704240	0.092438
1.706643	0.046200
1.707840	0.091238
1.707840	0.092445
1.707840	0.048600
1.709043	0.046200
1.710240	0.092438
1.710240	0.093642
1.710240	0.049800
1.712640	0.046200
1.712640	0.092438
1.713843	0.093635
1.713843	0.048597
1.716237	0.046200
1.716237	0.092438
1.718640	0.092442
1.718640	0.047400
1.719840	0.046200
1.719840	0.092438
1.721043	0.046200
1.722240	0.091238
1.722240	0.093638
1.722240	0.048600
1.724637	0.046200
1.724637	0.092438
1.727037	0.046200
1.727037	0.092438
1.781072	0.046200
1.781072	0.092438
1.783472	0.046200
1.783472	0.092438
1.785872	0.046200
1.785872	0.092438
1.787075	0.046200
1.787075	0.092439
1.789475	0.046200
1.789475	0.092439
1.791875	0.046200
1.791875	0.092439
1.793082	0.046200
1.794278	0.091239
1.794278	0.093642
1.794278	0.048600
1.796678	0.046200
1.796678	0.092439
1.799078	0.046200
1.799078	0.092439
1.800285	0.046200
1.802678	0.091239
1.802678	0.092445
1.802678	0.048600
1.803882	0.046200
1.805078	0.092439
1.805078	0.093642
1.805078	0.049800
1.807478	0.046200
1.808675	0.092442
1.808675	0.093648
1.808675	0.049803
1.811082	0.093638
1.812278	0.093642
1.812278	0.048600
1.812278	0.049800
1.813478	0.046200
1.813478	0.093639
1.815878	0.047400
1.817075	0.091242
1.817075	0.093642
1.817075	0.048600
1.819475	0.046200
1.819475	0.092439
1.873510	0.046200
1.873510	0.092439
1.875910	0.046200
1.875910	0.092439
1.878310	0.046200
1.878310	0.092439
1.879514	0.046200
1.879514	0.092438
1.881914	0.046200
1.881914	0.092438
1.884314	0.046200
1.884314	0.092438
1.885517	0.046200
1.885517	0.092438
1.887920	0.046200
1.889117	0.091238
1.889117	0.093641
1.889117	0.048600
1.891517	0.046200
1.891517	0.092438
1.893917	0.046200
1.893917	0.092438
1.895123	0.046200
1.897517	0.091238
1.897517	0.092445
1.897517	0.048600
1.898720	0.046200
1.901117	0.091238
1.901117	0.092448
1.901117	0.048600
1.902323	0.046200
1.904720	0.091238
1.904720	0.047400
1.905920	0.091238
1.907117	0.091245
1.907117	0.047403
1.907117	0.048603
1.907117	0.093641
1.908317	0.093645
1.908317	0.049803
1.910717	0.046200
1.911914	0.092444
1.911914	0.048606
1.911914	0.094844
1.965949	0.046200
1.965949	0.092438
1.968349	0.046200
1.968349	0.092438
1.970749	0.046200
1.970749	0.092438
1.971952	0.046200
1.971952	0.092438
1.974352	0.046200
1.974352	0.092438
1.976752	0.046200
1.976752	0.092438
1.977955	0.046200
1.977955	0.092439
1.980355	0.046200
1.980355	0.092439
1.982758	0.046200
1.983955	0.091239
1.983955	0.093642
1.983955	0.048600
1.986355	0.046200
1.986355	0.092439
1.988755	0.046200
1.988755	0.092439
1.989962	0.046200
1.992355	0.091239
1.992355	0.092451
1.992355	0.048600
1.993565	0.046200
1.995958	0.091239
1.995958	0.092442
1.995958	0.048600
1.997158	0.046200
1.997158	0.092439
1.998362	0.047396
2.000758	0.091239
2.000758	0.092445
2.000758	0.048600
2.001962	0.046200
2.004358	0.091239
2.004358	0.047400
2.004358	0.093639
2.006758	0.046200
2.006758	0.092439
2.058387	0.046200
2.058387	0.092439
2.060787	0.046200
2.060787	0.092439
2.063187	0.046200
2.063187	0.092439
2.064390	0.046200
2.064390	0.092439
2.066790	0.046200
2.066790	0.092439
2.069190	0.046200
2.069190	0.092439
2.070394	0.046200
2.070394	0.092438
2.072794	0.046200
2.072794	0.092438
2.075194	0.046200
2.075194	0.092438
2.077597	0.046200
2.078794	0.091238
2.078794	0.047400
2.078794	0.093638
2.081194	0.046200
2.081194	0.092438
2.083594	0.046200
2.083594	0.092438
2.084806	0.046200
2.087197	0.091238
2.087197	0.092445
2.087197	0.048600
2.088400	0.046200
2.089597	0.092438
2.089597	0.093641
2.089597	0.049800
2.091997	0.046200
2.091997	0.092438
2.093203	0.047394
2.095597	0.091238
2.095597	0.093641
2.095597	0.048600
2.097997	0.046200
2.097997	0.092438
2.099197	0.046200
2.099197	0.092438
2.150826	0.046200
2.150826	0.092438
2.153226	0.046200
2.153226	0.092438
2.155626	0.046200
2.155626	0.092438
2.156829	0.046200
2.156829	0.092438
2.159229	0.046200
2.159229	0.092438
2.161629	0.046200
2.161629	0.092438
2.162832	0.046200
2.162832	0.092438
2.165232	0.046200
2.165232	0.092438
2.167632	0.046200
2.167632	0.092438
2.170032	0.046200
2.170032	0.092438
2.172432	0.046200
2.172432	0.092438
2.173632	0.046200
2.173632	0.092438
2.176032	0.046200
2.176032	0.092438
2.178435	0.046200
2.178435	0.092439
2.179642	0.046200
2.182035	0.091239
2.182035	0.092445
2.182035	0.048600
2.183238	0.046200
2.184435	0.092439
2.184435	0.093642
2.184435	0.049800
2.186835	0.046200
2.186835	0.092439
2.189238	0.046200
2.190435	0.091239
2.190435	0.092442
2.190435	0.048600
2.191635	0.046200
2.191635	0.092439
2.243264	0.046200
2.243264	0.092438
2.245664	0.046200
2.245664	0.092438
2.248064	0.046200
2.248064	0.092438
2.249267	0.046200
2.249267	0.092439
2.251667	0.046200
2.251667	0.092439
2.254067	0.046200
2.254067	0.092439
2.255270	0.046200
2.255270	0.092439
2.257670	0.046200
2.257670	0.092439
2.260070	0.046200
2.260070	0.092439
2.262470	0.046200
2.262470	0.092439
2.264870	0.046200
2.264870	0.092439
2.266070	0.046200
2.266070	0.092439
2.268470	0.046200
2.268470	0.092439
2.270874	0.046200
2.270874	0.092438
2.273274	0.046200
2.273274	0.092438
2.274480	0.046200
2.276874	0.091238
2.276874	0.092444
2.276874	0.048600
2.278077	0.046200
2.279274	0.092438
2.279274	0.093641
2.279274	0.049800
2.281674	0.046200
2.281674	0.092438
2.282877	0.047397
2.284074	0.091238
2.284074	0.047400
2.284074	0.093638
2.335702	0.046200
2.335702	0.092439
2.338102	0.046200
2.338102	0.092439
2.340502	0.046200
2.340502	0.092439
2.341706	0.046200
2.341706	0.092438
2.344106	0.046200
2.344106	0.092438
2.346506	0.046200
2.346506	0.092438
2.347709	0.046200
2.347709	0.092438
2.350109	0.046200
2.350109	0.092438
2.352509	0.046200
2.352509	0.092438
2.354909	0.046200
2.354909	0.092438
2.357309	0.046200
2.357309	0.092438
2.358509	0.046200
2.358509	0.092438
2.360909	0.046200
2.360909	0.092438
2.363312	0.046200
2.363312	0.092438
2.365712	0.046200
2.365712	0.092438
2.368112	0.046200
2.368112	0.092438
2.369318	0.046200
2.371712	0.091238
2.371712	0.092445
2.371712	0.048600
2.372915	0.046200
2.374112	0.092438
2.374112	0.093642
2.374112	0.049800
2.375312	0.046200
2.375312	0.093638
2.377712	0.047400
2.377712	0.093638
2.428141	0.046200
2.428141	0.092438
2.430541	0.046200
2.430541	0.092438
2.432941	0.046200
2.432941	0.092438
2.434144	0.046200
2.434144	0.092438
2.436544	0.046200
2.436544	0.092438
2.438944	0.046200
2.438944	0.092438
2.440147	0.046200
2.440147	0.092439
2.442547	0.046200
2.442547	0.092439
2.444947	0.046200
2.444947	0.092439
2.447347	0.046200
2.447347	0.092439
2.449747	0.046200
2.449747	0.092439
2.450947	0.046200
2.450947	0.092439
2.453347	0.046200
2.453347	0.092439
2.455750	0.046200
2.455750	0.092439
2.458150	0.046200
2.458150	0.092439
2.460550	0.046200
2.460550	0.092439
2.462950	0.046200
2.462950	0.092439
2.464157	0.046200
2.466550	0.091239
2.466550	0.092445
2.466550	0.048600
2.467754	0.046200
2.468950	0.092439
2.468950	0.093642
2.468950	0.049800
2.471350	0.046200
2.471350	0.092439
2.520579	0.046200
2.520579	0.092439
2.522979	0.046200
2.522979	0.092439
2.525379	0.046200
2.525379	0.092439
2.526582	0.046200
2.526582	0.092439
2.528982	0.046200
2.528982	0.092439
2.531382	0.046200
2.531382	0.092439
2.532586	0.046200
2.532586	0.092438
2.534986	0.046200
2.534986	0.092438
2.537386	0.046200
2.537386	0.092438
2.539786	0.046200
2.539786	0.092438
2.542186	0.046200
2.542186	0.092438
2.543386	0.046200
2.543386	0.092438
2.545786	0.046200
2.545786	0.092438
2.548189	0.046200
2.548189	0.092438
2.550589	0.046200
2.550589	0.092438
2.552989	0.046200
2.552989	0.092438
2.555389	0.046200
2.555389	0.092438
2.557789	0.046200
2.557789	0.092438
2.558995	0.046200
2.561389	0.091238
2.561389	0.092445
2.561389	0.048600
2.562592	0.046200
2.563789	0.092438
2.563789	0.048600
2.563789	0.094838
2.613018	0.046200
2.613018	0.092438
2.615418	0.046200
2.615418	0.092438
2.617818	0.046200
2.617818	0.092438
2.619021	0.046200
2.619021	0.092438
2.621421	0.046200
2.621421	0.092438
2.623821	0.046200
2.623821	0.092438
2.625024	0.046200
2.625024	0.092438
2.627424	0.046200
2.627424	0.092438
2.629824	0.046200
2.629824	0.092438
2.632224	0.046200
2.632224	0.092438
2.634624	0.046200
2.634624	0.092438
2.635824	0.046200
2.635824	0.092438
2.638224	0.046200
2.638224	0.092438
2.640627	0.046200
2.640627	0.092439
2.643027	0.046200
2.643027	0.092439
2.645427	0.046200
2.645427	0.092439
2.647827	0.046200
2.647827	0.092439
2.650227	0.046200
2.650227	0.092439
2.652627	0.046200
2.652627	0.092439
2.653834	0.046200
2.656227	0.091239
2.656227	0.093642
2.656227	0.048600
2.658627	0.046200
2.658627	0.092439
2.705456	0.046200
2.705456	0.092438
2.707856	0.046200
2.707856	0.092438
2.710256	0.046200
2.710256	0.092438
2.711459	0.046200
2.711459	0.092439
2.713859	0.046200
2.713859	0.092439
2.716259	0.046200
2.716259	0.092439
2.717462	0.046200
2.717462	0.092439
2.719862	0.046200
2.719862	0.092439
2.722262	0.046200
2.722262	0.092439
2.724662	0.046200
2.724662	0.092439
2.727062	0.046200
2.727062	0.092439
2.728262	0.046200
2.728262	0.092439
2.730662	0.046200
2.730662	0.092439
2.733066	0.046200
2.733066	0.092438
2.735466	0.046200
2.735466	0.092438
2.737866	0.046200
2.737866	0.092438
2.740266	0.046200
2.740266	0.092438
2.742666	0.046200
2.742666	0.092438
2.745066	0.046200
2.745066	0.092438
2.747466	0.046200
2.747466	0.092438
2.749869	0.046200
2.751066	0.091238
2.751066	0.047400
2.751066	0.093638
2.797894	0.046200
2.797894	0.092439
2.800294	0.046200
2.800294	0.092439
2.802694	0.046200
2.802694	0.092439
2.803898	0.046200
2.803898	0.092438
2.806298	0.046200
2.806298	0.092438
2.808698	0.046200
2.808698	0.092438
2.809901	0.046200
2.809901	0.092438
2.812301	0.046200
2.812301	0.092438
2.814701	0.046200
2.814701	0.092438
2.817101	0.046200
2.817101	0.092438
2.819501	0.046200
2.819501	0.092438
2.820701	0.046200
2.820701	0.092438
2.823101	0.046200
2.823101	0.092438
2.825504	0.046200
2.825504	0.092438
2.827904	0.046200
2.827904	0.092438
2.830304	0.046200
2.830304	0.092438
2.832704	0.046200
2.832704	0.092438
2.835104	0.046200
2.835104	0.092438
2.837504	0.046200
2.837504	0.092438
2.839904	0.046200
2.839904	0.092438
2.842304	0.046200
2.842304	0.092438
2.844704	0.046200
2.844704	0.092438
2.890333	0.046200
2.890333	0.092438
2.892733	0.046200
2.892733	0.092438
2.895133	0.046200
2.895133	0.092438
2.896336	0.046200
2.896336	0.092438
2.898736	0.046200
2.898736	0.092438
2.901136	0.046200
2.901136	0.092438
2.902339	0.046200
2.902339	0.092439
2.904739	0.046200
2.904739	0.092439
2.907139	0.046200
2.907139	0.092439
2.909539	0.046200
2.909539	0.092439
2.911939	0.046200
2.911939	0.092439
2.913139	0.046200
2.913139	0.092439
2.915539	0.046200
2.915539	0.092439
2.917942	0.046200
2.917942	0.092439
2.920342	0.046200
2.920342	0.092439
2.922742	0.046200
2.922742	0.092439
2.925142	0.046200
2.925142	0.092439
2.927542	0.046200
2.927542	0.092439
2.929942	0.046200
2.929942	0.092439
2.932342	0.046200
2.932342	0.092439
2.934742	0.046200
2.934742	0.092439
2.937142	0.046200
2.937142	0.092439
2.982771	0.046200
2.982771	0.092439
2.985171	0.046200
2.985171	0.092439
2.987571	0.046200
2.987571	0.092439
2.988774	0.046200
2.988774	0.092439
2.991174	0.046200
2.991174	0.092439
2.993574	0.046200
2.993574	0.092439
2.994778	0.046200
2.994778	0.092438
2.997178	0.046200
2.997178	0.092438
2.999578	0.046200
2.999578	0.092438
3.001978	0.046200
3.001978	0.092438
3.004378	0.046200
3.004378	0.092438
3.005578	0.046200
3.005578	0.092438
3.007978	0.046200
3.007978	0.092438
3.010381	0.046200
3.010381	0.092438
3.012781	0.046200
3.012781	0.092438
3.015181	0.046200
3.015181	0.092438
3.017581	0.046200
3.017581	0.092438
3.019981	0.046200
3.019981	0.092438
3.022381	0.046200
3.022381	0.092438
3.024781	0.046200
3.024781	0.092438
3.027181	0.046200
3.027181	0.092438
3.029581	0.046200
3.029581	0.092438
3.075210	0.046200
3.075210	0.092438
3.077610	0.046200
3.077610	0.092438
3.080010	0.046200
3.080010	0.092438
3.081213	0.046200
3.081213	0.092438
3.083613	0.046200
3.083613	0.092438
3.086013	0.046200
3.086013	0.092438
3.087216	0.046200
3.087216	0.092438
3.089616	0.046200
3.089616	0.092438
3.092016	0.046200
3.092016	0.092438
3.094416	0.046200
3.094416	0.092438
3.096816	0.046200
3.096816	0.092438
3.098016	0.046200
3.098016	0.092438
3.100416	0.046200
3.100416	0.092438
3.102819	0.046200
3.102819	0.092439
3.105219	0.046200
3.105219	0.092439
3.107619	0.046200
3.107619	0.092439
3.110019	0.046200
3.110019	0.092439
3.112419	0.046200
3.112419	0.092439
3.114819	0.046200
3.114819	0.092439
3.117219	0.046200
3.117219	0.092439
3.119619	0.046200
3.119619	0.092439
3.122019	0.046200
3.122019	0.092439
3.167648	0.046200
3.167648	0.092438
3.170048	0.046200
3.170048	0.092438
3.172448	0.046200
3.172448	0.092438
3.173651	0.046200
3.173651	0.092439
3.176051	0.046200
3.176051	0.092439
3.178451	0.046200
3.178451	0.092439
3.179654	0.046200
3.179654	0.092439
3.182054	0.046200
3.182054	0.092439
3.184454	0.046200
3.184454	0.092439
3.186854	0.046200
3.186854	0.092439
3.189254	0.046200
3.189254	0.092439
3.190454	0.046200
3.190454	0.092439
3.192854	0.046200
3.192854	0.092439
3.195258	0.046200
3.195258	0.092438
3.197658	0.046200
3.197658	0.092438
3.200058	0.046200
3.200058	0.092438
3.202458	0.046200
3.202458	0.092438
3.204858	0.046200
3.204858	0.092438
3.207258	0.046200
3.207258	0.092438
3.209658	0.046200
3.209658	0.092438
3.212058	0.046200
3.212058	0.092438
3.214458	0.046200
3.214458	0.092438
3.260086	0.046200
3.260086	0.092439
3.262486	0.046200
3.262486	0.092439
3.264886	0.046200
3.264886	0.092439
3.266090	0.046200
3.266090	0.092438
3.268490	0.046200
3.268490	0.092438
3.270890	0.046200
3.270890	0.092438
3.272093	0.046200
3.272093	0.092438
3.274493	0.046200
3.274493	0.092438
3.276893	0.046200
3.276893	0.092438
3.279293	0.046200
3.279293	0.092438
3.281693	0.046200
3.281693	0.092438
3.282893	0.046200
3.282893	0.092438
3.285293	0.046200
3.285293	0.092438
3.287696	0.046200
3.287696	0.092438
3.290096	0.046200
3.290096	0.092438
3.292496	0.046200
3.292496	0.092438
3.294896	0.046200
3.294896	0.092438
3.297296	0.046200
3.297296	0.092438
3.299696	0.046200
3.299696	0.092438
3.302096	0.046200
3.302096	0.092438
3.304496	0.046200
3.304496	0.092438
3.306896	0.046200
3.306896	0.092438
3.352525	0.046200
3.352525	0.092438
3.354925	0.046200
3.354925	0.092438
3.357325	0.046200
3.357325	0.092438
3.358528	0.046200
3.358528	0.092438
3.360928	0.046200
3.360928	0.092438
3.363328	0.046200
3.363328	0.092438
3.364531	0.046200
3.364531	0.092439
3.366931	0.046200
3.366931	0.092439
3.369331	0.046200
3.369331	0.092439
3.371731	0.046200
3.371731	0.092439
3.374131	0.046200
3.374131	0.092439
3.375331	0.046200
3.375331	0.092439
3.377731	0.046200
3.377731	0.092439
3.380134	0.046200
3.380134	0.092439
3.382534	0.046200
3.382534	0.092439
3.384934	0.046200
3.384934	0.092439
3.387334	0.046200
3.387334	0.092439
3.389734	0.046200
3.389734	0.092439
3.392134	0.046200
3.392134	0.092439
3.394534	0.046200
3.394534	0.092439
3.396934	0.046200
3.396934	0.092439
3.399334	0.046200
3.399334	0.092439
3.444963	0.046200
3.444963	0.092439
3.447363	0.046200
3.447363	0.092439
3.449763	0.046200
3.449763	0.092439
3.450966	0.046200
3.450966	0.092439
3.453366	0.046200
3.453366	0.092439
3.455766	0.046200
3.455766	0.092439
3.456970	0.046200
3.456970	0.092438
3.459370	0.046200
3.459370	0.092438
3.461770	0.046200
3.461770	0.092438
3.464170	0.046200
3.464170	0.092438
3.466570	0.046200
3.466570	0.092438
3.467770	0.046200
3.467770	0.092438
3.470170	0.046200
3.470170	0.092438
3.472573	0.046200
3.472573	0.092438
3.474973	0.046200
3.474973	0.092438
3.477373	0.046200
3.477373	0.092438
3.479773	0.046200
3.479773	0.092438
3.482173	0.046200
3.482173	0.092438
3.484573	0.046200
3.484573	0.092438
3.486973	0.046200
3.486973	0.092438
3.489373	0.046200
3.489373	0.092438
3.491773	0.046200
3.491773	0.092438
3.537402	0.046200
3.537402	0.092438
3.539802	0.046200
3.539802	0.092438
3.542202	0.046200
3.542202	0.092438
3.543405	0.046200
3.543405	0.092438
3.545805	0.046200
3.545805	0.092438
3.548205	0.046200
3.548205	0.092438
3.549408	0.046200
3.549408	0.092438
3.551808	0.046200
3.551808	0.092438
3.554208	0.046200
3.554208	0.092438
3.556608	0.046200
3.556608	0.092438
3.559008	0.046200
3.559008	0.092438
3.560208	0.046200
3.560208	0.092438
3.562608	0.046200
3.562608	0.092438
3.565011	0.046200
3.565011	0.092439
3.567411	0.046200
3.567411	0.092439
3.569811	0.046200
3.569811	0.092439
3.572211	0.046200
3.572211	0.092439
3.574611	0.046200
3.574611	0.092439
3.577011	0.046200
3.577011	0.092439
3.579411	0.046200
3.579411	0.092439
3.581811	0.046200
3.581811	0.092439
3.584211	0.046200
3.584211	0.092439
3.629840	0.046200
3.629840	0.092438
3.632240	0.046200
3.632240	0.092438
3.634640	0.046200
3.634640	0.092438
3.635843	0.046200
3.635843	0.092439
3.638243	0.046200
3.638243	0.092439
3.640643	0.046200
3.640643	0.092439
3.641846	0.046200
3.641846	0.092439
3.644246	0.046200
3.644246	0.092439
3.646646	0.046200
3.646646	0.092439
3.649046	0.046200
3.649046	0.092439
3.651446	0.046200
3.651446	0.092439
3.652646	0.046200
3.652646	0.092439
3.655046	0.046200
3.655046	0.092439
3.657450	0.046200
3.657450	0.092438
3.659850	0.046200
3.659850	0.092438
3.662250	0.046200
3.662250	0.092438
3.664650	0.046200
3.664650	0.092438
3.667050	0.046200
3.667050	0.092438
3.669450	0.046200
3.669450	0.092438
3.671850	0.046200
3.671850	0.092438
3.674250	0.046200
3.674250	0.092438
3.676650	0.046200
3.676650	0.092438
3.722278	0.046200
3.722278	0.092439
3.724678	0.046200
3.724678	0.092439
3.727078	0.046200
3.727078	0.092439
3.728282	0.046200
3.728282	0.092438
3.730682	0.046200
3.730682	0.092438
3.733082	0.046200
3.733082	0.092438
3.734285	0.046200
3.734285	0.092438
3.736685	0.046200
3.736685	0.092438
3.739085	0.046200
3.739085	0.092438
3.741485	0.046200
3.741485	0.092438
3.743885	0.046200
3.743885	0.092438
3.745085	0.046200
3.745085	0.092438
3.747485	0.046200
3.747485	0.092438
3.749888	0.046200
3.749888	0.092438
3.752288	0.046200
3.752288	0.092438
3.754688	0.046200
3.754688	0.092438
3.757088	0.046200
3.757088	0.092438
3.759488	0.046200
3.759488	0.092438
3.761888	0.046200
3.761888	0.092438
3.764288	0.046200
3.764288	0.092438
3.766688	0.046200
3.766688	0.092438
3.769088	0.046200
3.769088	0.092438
3.814717	0.046200
3.814717	0.092438
3.817117	0.046200
3.817117	0.092438
3.819517	0.046200
3.819517	0.092438
3.820720	0.046200
3.820720	0.092438
3.823120	0.046200
3.823120	0.092438
3.825520	0.046200
3.825520	0.092438
3.826723	0.046200
3.826723	0.092439
3.829123	0.046200
3.829123	0.092439
3.831523	0.046200
3.831523	0.092439
3.833923	0.046200
3.833923	0.092439
3.836323	0.046200
3.836323	0.092439
3.837523	0.046200
3.837523	0.092439
3.839923	0.046200
3.839923	0.092439
3.842326	0.046200
3.842326	0.092439
3.844726	0.046200
3.844726	0.092439
3.847126	0.046200
3.847126	0.092439
3.849526	0.046200
3.849526	0.092439
3.851926	0.046200
3.851926	0.092439
3.854326	0.046200
3.854326	0.092439
3.856726	0.046200
3.856726	0.092439
3.859126	0.046200
3.859126	0.092439
3.861526	0.046200
3.861526	0.092439
3.907155	0.046200
3.907155	0.092439
3.909555	0.046200
3.909555	0.092439
3.911955	0.046200
3.911955	0.092439
3.913158	0.046200
3.913158	0.092439
3.915558	0.046200
3.915558	0.092439
3.917958	0.046200
3.917958	0.092439
3.919162	0.046200
3.919162	0.092438
3.921562	0.046200
3.921562	0.092438
3.923962	0.046200
3.923962	0.092438
3.926362	0.046200
3.926362	0.092438
3.928762	0.046200
3.928762	0.092438
3.929962	0.046200
3.929962	0.092438
3.932362	0.046200
3.932362	0.092438
3.934765	0.046200
3.934765	0.092438
3.937165	0.046200
3.937165	0.092438
3.939565	0.046200
3.939565	0.092438
3.941965	0.046200
3.941965	0.092438
3.944365	0.046200
3.944365	0.092438
3.946765	0.046200
3.946765	0.092438
3.949165	0.046200
3.949165	0.092438
3.951565	0.046200
3.951565	0.092438
3.953965	0.046200
3.953965	0.092438
3.999594	0.046200
3.999594	0.092438
4.001994	0.046200
4.001994	0.092438
4.004394	0.046200
4.004394	0.092438
4.005597	0.046200
4.005597	0.092438
4.007997	0.046200
4.007997	0.092438
4.010397	0.046200
4.010397	0.092438
4.011600	0.046200
4.011600	0.092438
4.014000	0.046200
4.014000	0.092438
4.016400	0.046200
4.016400	0.092438
4.018800	0.046200
4.018800	0.092438
4.021200	0.046200
4.021200	0.092438
4.022400	0.046200
4.022400	0.092438
4.024800	0.046200
4.024800	0.092438
4.027203	0.046200
4.027203	0.092439
4.029603	0.046200
4.029603	0.092439
4.032003	0.046200
4.032003	0.092439
4.034403	0.046200
4.034403	0.092439
4.036803	0.046200
4.036803	0.092439
4.039203	0.046200
4.039203	0.092439
4.041603	0.046200
4.041603	0.092439
4.044003	0.046200
4.044003	0.092439
4.046403	0.046200
4.046403	0.092439
4.092032	0.046200
4.092032	0.092438
4.094432	0.046200
4.094432	0.092438
4.096832	0.046200
4.096832	0.092438
4.098035	0.046200
4.098035	0.092439
4.100435	0.046200
4.100435	0.092439
4.102835	0.046200
4.102835	0.092439
4.104038	0.046200
4.104038	0.092439
4.106438	0.046200
4.106438	0.092439
4.108838	0.046200
4.108838	0.092439
4.111238	0.046200
4.111238	0.092439
4.113638	0.046200
4.113638	0.092439
4.114838	0.046200
4.114838	0.092439
4.117238	0.046200
4.117238	0.092439
4.119642	0.046200
4.119642	0.092438
4.122042	0.046200
4.122042	0.092438
4.124442	0.046200
4.124442	0.092438
4.126842	0.046200
4.126842	0.092438
4.129242	0.046200
4.129242	0.092438
4.131642	0.046200
4.131642	0.092438
4.134042	0.046200
4.134042	0.092438
4.136442	0.046200
4.136442	0.092438
4.138842	0.046200
4.138842	0.092438
4.184470	0.046200
4.184470	0.092439
4.186870	0.046200
4.186870	0.092439
4.189270	0.046200
4.189270	0.092439
4.190474	0.046200
4.190474	0.092438
4.192874	0.046200
4.192874	0.092438
4.195274	0.046200
4.195274	0.092438
4.196477	0.046200
4.196477	0.092438
4.198877	0.046200
4.198877	0.092438
4.201277	0.046200
4.201277	0.092438
4.203677	0.046200
4.203677	0.092438
4.206077	0.046200
4.206077	0.092438
4.207277	0.046200
4.207277	0.092438
4.209677	0.046200
4.209677	0.092438
4.212080	0.046200
4.212080	0.092438
4.214480	0.046200
4.214480	0.092438
4.216880	0.046200
4.216880	0.092438
4.219280	0.046200
4.219280	0.092438
4.221680	0.046200
4.221680	0.092438
4.224080	0.046200
4.224080	0.092438
4.226480	0.046200
4.226480	0.092438
4.228880	0.046200
4.228880	0.092438
4.231280	0.046200
4.231280	0.092438
4.276909	0.046200
4.276909	0.092438
4.279309	0.046200
4.279309	0.092438
4.281709	0.046200
4.281709	0.092438
4.282912	0.046200
4.282912	0.092438
4.285312	0.046200
4.285312	0.092438
4.287712	0.046200
4.287712	0.092438
4.288915	0.046200
4.288915	0.092439
4.291315	0.046200
4.291315	0.092439
4.293715	0.046200
4.293715	0.092439
4.296115	0.046200
4.296115	0.092439
4.298515	0.046200
4.298515	0.092439
4.299715	0.046200
4.299715	0.092439
4.302115	0.046200
4.302115	0.092439
4.304518	0.046200
4.304518	0.092439
4.306918	0.046200
4.306918	0.092439
4.309318	0.046200
4.309318	0.092439
4.311718	0.046200
4.311718	0.092439
4.314118	0.046200
4.314118	0.092439
4.316518	0.046200
4.316518	0.092439
4.318918	0.046200
4.318918	0.092439
4.321318	0.046200
4.321318	0.092439
4.323718	0.046200
4.323718	0.092439
4.369347	0.046200
4.369347	0.092439
4.371747	0.046200
4.371747	0.092439
4.374147	0.046200
4.374147	0.092439
4.375350	0.046200
4.375350	0.092439
4.377750	0.046200
4.377750	0.092439
4.380150	0.046200
4.380150	0.092439
4.381354	0.046200
4.381354	0.092438
4.383754	0.046200
4.383754	0.092438
4.386154	0.046200
4.386154	0.092438
4.388554	0.046200
4.388554	0.092438
4.390954	0.046200
4.390954	0.092438
4.392154	0.046200
4.392154	0.092438
4.394554	0.046200
4.394554	0.092438
4.396957	0.046200
4.396957	0.092438
4.399357	0.046200
4.399357	0.092438
4.401757	0.046200
4.401757	0.092438
4.404157	0.046200
4.404157	0.092438
4.406557	0.046200
4.406557	0.092438
4.408957	0.046200
4.408957	0.092438
4.411357	0.046200
4.411357	0.092438
4.413757	0.046200
4.413757	0.092438
4.416157	0.046200
4.416157	0.092438
4.461786	0.046200
4.461786	0.092438
4.464186	0.046200
4.464186	0.092438
4.466586	0.046200
4.466586	0.092438
4.467789	0.046200
4.467789	0.092438
4.470189	0.046200
4.470189	0.092438
4.472589	0.046200
4.472589	0.092438
4.473792	0.046200
4.473792	0.092438
4.476192	0.046200
4.476192	0.092438
4.478592	0.046200
4.478592	0.092438
4.480992	0.046200
4.480992	0.092438
4.483392	0.046200
4.483392	0.092438
4.484592	0.046200
4.484592	0.092438
4.486992	0.046200
4.486992	0.092438
4.489395	0.046200
4.489395	0.092439
4.491795	0.046200
4.491795	0.092439
4.494195	0.046200
4.494195	0.092439
4.496595	0.046200
4.496595	0.092439
4.498995	0.046200
4.498995	0.092439
4.501395	0.046200
4.501395	0.092439
4.503795	0.046200
4.503795	0.092439
4.506195	0.046200
4.506195	0.092439
4.508595	0.046200
4.508595	0.092439
4.554224	0.046200
4.554224	0.092438
4.556624	0.046200
4.556624	0.092438
4.559024	0.046200
4.559024	0.092438
4.560227	0.046200
4.560227	0.092439
4.562627	0.046200
4.562627	0.092439
4.565027	0.046200
4.565027	0.092439
4.566230	0.046200
4.566230	0.092439
4.568630	0.046200
4.568630	0.092439
4.571030	0.046200
4.571030	0.092439
4.573430	0.046200
4.573430	0.092439
4.575830	0.046200
4.575830	0.092439
4.577030	0.046200
4.577030	0.092439
4.579430	0.046200
4.579430	0.092439
4.581834	0.046200
4.581834	0.092438
4.584234	0.046200
4.584234	0.092438
4.586634	0.046200
4.586634	0.092438
4.589034	0.046200
4.589034	0.092438
4.591434	0.046200
4.591434	0.092438
4.593834	0.046200
4.593834	0.092438
4.596234	0.046200
4.596234	0.092438
4.598634	0.046200
4.598634	0.092438
4.601034	0.046200
4.601034	0.092438
4.646662	0.046200
4.646662	0.092439
4.649062	0.046200
4.649062	0.092439
4.651462	0.046200
4.651462	0.092439
4.652666	0.046200
4.652666	0.092438
4.655066	0.046200
4.655066	0.092438
4.657466	0.046200
4.657466	0.092438
4.658669	0.046200
4.658669	0.092438
4.661069	0.046200
4.661069	0.092438
4.663469	0.046200
4.663469	0.092438
4.665869	0.046200
4.665869	0.092438
4.668269	0.046200
4.668269	0.092438
4.669469	0.046200
4.669469	0.092438
4.671869	0.046200
4.671869	0.092438
4.674272	0.046200
4.674272	0.092438
4.676672	0.046200
4.676672	0.092438
4.679072	0.046200
4.679072	0.092438
4.681472	0.046200
4.681472	0.092438
4.683872	0.046200
4.683872	0.092438
4.686272	0.046200
4.686272	0.092438
4.688672	0.046200
4.688672	0.092438
4.691072	0.046200
4.691072	0.092438
4.693472	0.046200
4.693472	0.092438
4.739101	0.046200
4.739101	0.092438
4.741501	0.046200
4.741501	0.092438
4.743901	0.046200
4.743901	0.092438
4.745104	0.046200
4.745104	0.092438
4.747504	0.046200
4.747504	0.092438
4.749904	0.046200
4.749904	0.092438
4.751107	0.046200
4.751107	0.092439
4.753507	0.046200
4.753507	0.092439
4.755907	0.046200
4.755907	0.092439
4.758307	0.046200
4.758307	0.092439
4.760707	0.046200
4.760707	0.092439
4.761907	0.046200
4.761907	0.092439
4.764307	0.046200
4.764307	0.092439
4.766710	0.046200
4.766710	0.092439
4.769110	0.046200
4.769110	0.092439
4.771510	0.046200
4.771510	0.092439
4.773910	0.046200
4.773910	0.092439
4.776310	0.046200
4.776310	0.092439
4.778710	0.046200
4.778710	0.092439
4.781110	0.046200
4.781110	0.092439
4.783510	0.046200
4.783510	0.092439
4.785910	0.046200
4.785910	0.092439
4.831539	0.046200
4.831539	0.092439
4.833939	0.046200
4.833939	0.092439
4.836339	0.046200
4.836339	0.092439
4.837542	0.046200
4.837542	0.092439
4.839942	0.046200
4.839942	0.092439
4.842342	0.046200
4.842342	0.092439
4.843546	0.046200
4.843546	0.092438
4.845946	0.046200
4.845946	0.092438
4.848346	0.046200
4.848346	0.092438
4.850746	0.046200
4.850746	0.092438
4.853146	0.046200
4.853146	0.092438
4.854346	0.046200
4.854346	0.092438
4.856746	0.046200
4.856746	0.092438
4.859149	0.046200
4.859149	0.092438
4.861549	0.046200
4.861549	0.092438
4.863949	0.046200
4.863949	0.092438
4.866349	0.046200
4.866349	0.092438
4.868749	0.046200
4.868749	0.092438
4.871149	0.046200
4.871149	0.092438
4.873549	0.046200
4.873549	0.092438
4.875949	0.046200
4.875949	0.092438
4.878349	0.046200
4.878349	0.092438
4.923978	0.046200
4.923978	0.092438
4.926378	0.046200
4.926378	0.092438
4.928778	0.046200
4.928778	0.092438
4.929981	0.046200
4.929981	0.092438
4.932381	0.046200
4.932381	0.092438
4.934781	0.046200
4.934781	0.092438
4.935984	0.046200
4.935984	0.092438
4.938384	0.046200
4.938384	0.092438
4.940784	0.046200
4.940784	0.092438
4.943184	0.046200
4.943184	0.092438
4.945584	0.046200
4.945584	0.092438
4.946784	0.046200
4.946784	0.092438
4.949184	0.046200
4.949184	0.092438
4.951587	0.046200
4.951587	0.092439
4.953987	0.046200
4.953987	0.092439
4.956387	0.046200
4.956387	0.092439
4.958787	0.046200
4.958787	0.092439
4.961187	0.046200
4.961187	0.092439
4.963587	0.046200
4.963587	0.092439
4.965987	0.046200
4.965987	0.092439
4.968387	0.046200
4.968387	0.092439
4.970787	0.046200
4.970787	0.092439
5.016416	0.046200
5.016416	0.092438
5.018816	0.046200
5.018816	0.092438
5.021216	0.046200
5.021216	0.092438
5.022419	0.046200
5.022419	0.092439
5.024819	0.046200
5.024819	0.092439
5.027219	0.046200
5.027219	0.092439
5.028422	0.046200
5.028422	0.092439
5.030822	0.046200
5.030822	0.092439
5.033222	0.046200
5.033222	0.092439
5.035622	0.046200
5.035622	0.092439
5.038022	0.046200
5.038022	0.092439
5.039222	0.046200
5.039222	0.092439
5.041622	0.046200
5.041622	0.092439
5.044026	0.046200
5.044026	0.092438
5.046426	0.046200
5.046426	0.092438
5.048826	0.046200
5.048826	0.092438
5.051226	0.046200
5.051226	0.092438
5.053626	0.046200
5.053626	0.092438
5.056026	0.046200
5.056026	0.092438
5.058426	0.046200
5.058426	0.092438
5.060826	0.046200
5.060826	0.092438
5.063226	0.046200
5.063226	0.092438
5.108854	0.046200
5.108854	0.092439
5.111254	0.046200
5.111254	0.092439
5.113654	0.046200
5.113654	0.092439
5.114858	0.046200
5.114858	0.092438
5.117258	0.046200
5.117258	0.092438
5.119658	0.046200
5.119658	0.092438
5.120861	0.046200
5.120861	0.092438
5.123261	0.046200
5.123261	0.092438
5.125661	0.046200
5.125661	0.092438
5.128061	0.046200
5.128061	0.092438
5.130461	0.046200
5.130461	0.092438
5.131661	0.046200
5.131661	0.092438
5.134061	0.046200
5.134061	0.092438
5.136464	0.046200
5.136464	0.092438
5.138864	0.046200
5.138864	0.092438
5.141264	0.046200
5.141264	0.092438
5.143664	0.046200
5.143664	0.092438
5.146064	0.046200
5.146064	0.092438
5.148464	0.046200
5.148464	0.092438
5.150864	0.046200
5.150864	0.092438
5.153264	0.046200
5.153264	0.092438
5.155664	0.046200
5.155664	0.092438
5.201293	0.046200
5.201293	0.092438
5.203693	0.046200
5.203693	0.092438
5.206093	0.046200
5.206093	0.092438
5.207296	0.046200
5.207296	0.092438
5.209696	0.046200
5.209696	0.092438
5.212096	0.046200
5.212096	0.092438
5.213299	0.046200
5.213299	0.092439
5.215699	0.046200
5.215699	0.092439
5.218099	0.046200
5.218099	0.092439
5.220499	0.046200
5.220499	0.092439
5.222899	0.046200
5.222899	0.092439
5.224099	0.046200
5.224099	0.092439
5.226499	0.046200
5.226499	0.092439
5.228902	0.046200
5.228902	0.092439
5.231302	0.046200
5.231302	0.092439
5.233702	0.046200
5.233702	0.092439
5.236102	0.046200
5.236102	0.092439
5.238502	0.046200
5.238502	0.092439
5.240902	0.046200
5.240902	0.092439
5.243302	0.046200
5.243302	0.092439
5.245702	0.046200
5.245702	0.092439
5.248102	0.046200
5.248102	0.092439
5.293731	0.046200
5.293731	0.092439
5.296131	0.046200
5.296131	0.092439
5.298531	0.046200
5.298531	0.092439
5.299734	0.046200
5.299734	0.092439
5.302134	0.046200
5.302134	0.092439
5.304534	0.046200
5.304534	0.092439
5.305738	0.046200
5.305738	0.092438
5.308138	0.046200
5.308138	0.092438
5.310538	0.046200
5.310538	0.092438
5.312938	0.046200
5.312938	0.092438
5.315338	0.046200
5.315338	0.092438
5.316538	0.046200
5.316538	0.092438
5.318938	0.046200
5.318938	0.092438
5.321341	0.046200
5.321341	0.092438
5.323741	0.046200
5.323741	0.092438
5.326141	0.046200
5.326141	0.092438
5.328541	0.046200
5.328541	0.092438
5.330941	0.046200
5.330941	0.092438
5.333341	0.046200
5.333341	0.092438
5.335741	0.046200
5.335741	0.092438
5.338141	0.046200
5.338141	0.092438
5.340541	0.046200
5.340541	0.092438
5.386170	0.046200
5.386170	0.092438
5.388570	0.046200
5.388570	0.092438
5.390970	0.046200
5.390970	0.092438
5.392173	0.046200
5.392173	0.092438
5.394573	0.046200
5.394573	0.092438
5.396973	0.046200
5.396973	0.092438
5.398176	0.046200
5.398176	0.092438
5.400576	0.046200
5.400576	0.092438
5.402976	0.046200
5.402976	0.092438
5.405376	0.046200
5.405376	0.092438
5.407776	0.046200
5.407776	0.092438
5.408976	0.046200
5.408976	0.092438
5.411376	0.046200
5.411376	0.092438
5.413779	0.046200
5.413779	0.092439
5.416179	0.046200
5.416179	0.092439
5.418579	0.046200
5.418579	0.092439
5.420979	0.046200
5.420979	0.092439
5.423379	0.046200
5.423379	0.092439
5.425779	0.046200
5.425779	0.092439
5.428179	0.046200
5.428179	0.092439
5.430579	0.046200
5.430579	0.092439
5.432979	0.046200
5.432979	0.092439
5.478608	0.046200
5.478608	0.092438
5.481008	0.046200
5.481008	0.092438
5.483408	0.046200
5.483408	0.092438
5.484611	0.046200
5.484611	0.092439
5.487011	0.046200
5.487011	0.092439
5.489411	0.046200
5.489411	0.092439
5.490614	0.046200
5.490614	0.092439
5.493014	0.046200
5.493014	0.092439
5.495414	0.046200
5.495414	0.092439
5.497814	0.046200
5.497814	0.092439
5.500214	0.046200
5.500214	0.092439
5.501414	0.046200
5.501414	0.092439
5.503814	0.046200
5.503814	0.092439
5.506218	0.046200
5.506218	0.092438
5.508618	0.046200
5.508618	0.092438
5.511018	0.046200
5.511018	0.092438
5.513418	0.046200
5.513418	0.092438
5.515818	0.046200
5.515818	0.092438
5.518218	0.046200
5.518218	0.092438
5.520618	0.046200
5.520618	0.092438
5.523018	0.046200
5.523018	0.092438
5.525418	0.046200
5.525418	0.092438
5.571046	0.046200
5.571046	0.092439
5.573446	0.046200
5.573446	0.092439
5.575846	0.046200
5.575846	0.092439
5.577050	0.046200
5.577050	0.092438
5.579450	0.046200
5.579450	0.092438
5.581850	0.046200
5.581850	0.092438
5.583053	0.046200
5.583053	0.092438
5.585453	0.046200
5.585453	0.092438
5.587853	0.046200
5.587853	0.092438
5.590253	0.046200
5.590253	0.092438
5.592653	0.046200
5.592653	0.092438
5.593853	0.046200
5.593853	0.092438
5.596253	0.046200
5.596253	0.092438
5.598656	0.046200
5.598656	0.092438
5.601056	0.046200
5.601056	0.092438
5.603456	0.046200
5.603456	0.092438
5.605856	0.046200
5.605856	0.092438
5.608256	0.046200
5.608256	0.092438
5.610656	0.046200
5.610656	0.092438
5.613056	0.046200
5.613056	0.092438
5.615456	0.046200
5.615456	0.092438
5.617856	0.046200
5.617856	0.092438
5.663485	0.046200
5.663485	0.092438
5.665885	0.046200
5.665885	0.092438
5.668285	0.046200
5.668285	0.092438
5.669488	0.046200
5.669488	0.092438
5.671888	0.046200
5.671888	0.092438
5.674288	0.046200
5.674288	0.092438
5.675491	0.046200
5.675491	0.092439
5.677891	0.046200
5.677891	0.092439
5.680291	0.046200
5.680291	0.092439
5.682691	0.046200
5.682691	0.092439
5.685091	0.046200
5.685091	0.092439
5.686291	0.046200
5.686291	0.092439
5.688691	0.046200
5.688691	0.092439
5.691094	0.046200
5.691094	0.092439
5.693494	0.046200
5.693494	0.092439
5.695894	0.046200
5.695894	0.092439
5.698294	0.046200
5.698294	0.092439
5.700694	0.046200
5.700694	0.092439
5.703094	0.046200
5.703094	0.092439
5.705494	0.046200
5.705494	0.092439
5.707894	0.046200
5.707894	0.092439
5.710294	0.046200
5.710294	0.092439
5.755923	0.046200
5.755923	0.092439
5.758323	0.046200
5.758323	0.092439
5.760723	0.046200
5.760723	0.092439
5.761926	0.046200
5.761926	0.092439
5.764326	0.046200
5.764326	0.092439
5.766726	0.046200
5.766726	0.092439
5.767930	0.046200
5.767930	0.092438
5.770330	0.046200
5.770330	0.092438
5.772730	0.046200
5.772730	0.092438
5.775130	0.046200
5.775130	0.092438
5.777530	0.046200
5.777530	0.092438
5.778730	0.046200
5.778730	0.092438
5.781130	0.046200
5.781130	0.092438
5.783533	0.046200
5.783533	0.092438
5.785933	0.046200
5.785933	0.092438
5.788333	0.046200
5.788333	0.092438
5.790733	0.046200
5.790733	0.092438
5.793133	0.046200
5.793133	0.092438
5.795533	0.046200
5.795533	0.092438
5.797933	0.046200
5.797933	0.092438
5.800333	0.046200
5.800333	0.092438
5.802733	0.046200
5.802733	0.092438
5.848362	0.046200
5.848362	0.092438
5.850762	0.046200
5.850762	0.092438
5.853162	0.046200
5.853162	0.092438
5.854365	0.046200
5.854365	0.092438
5.856765	0.046200
5.856765	0.092438
5.859165	0.046200
5.859165	0.092438
5.860368	0.046200
5.860368	0.092438
5.862768	0.046200
5.862768	0.092438
5.865168	0.046200
5.865168	0.092438
5.867568	0.046200
5.867568	0.092438
5.869968	0.046200
5.869968	0.092438
5.871168	0.046200
5.871168	0.092438
5.873568	0.046200
5.873568	0.092438
5.875971	0.046200
5.875971	0.092439
5.878371	0.046200
5.878371	0.092439
5.880771	0.046200
5.880771	0.092439
5.883171	0.046200
5.883171	0.092439
5.885571	0.046200
5.885571	0.092439
5.887971	0.046200
5.887971	0.092439
5.890371	0.046200
5.890371	0.092439
5.892771	0.046200
5.892771	0.092439
5.895171	0.046200
5.895171	0.092439
5.940800	0.046200
5.940800	0.092438
5.943200	0.046200
5.943200	0.092438
5.945600	0.046200
5.945600	0.092438
5.946803	0.046200
5.946803	0.092439
5.949203	0.046200
5.949203	0.092439
5.951603	0.046200
5.951603	0.092439
5.952806	0.046200
5.952806	0.092439
5.955206	0.046200
5.955206	0.092439
5.957606	0.046200
5.957606	0.092439
5.960006	0.046200
5.960006	0.092439
5.962406	0.046200
5.962406	0.092439
5.963606	0.046200
5.963606	0.092439
5.966006	0.046200
5.966006	0.092439
5.968410	0.046200
5.968410	0.092438
5.970810	0.046200
5.970810	0.092438
5.973210	0.046200
5.973210	0.092438
5.975610	0.046200
5.975610	0.092438
5.978010	0.046200
5.978010	0.092438
5.980410	0.046200
5.980410	0.092438
5.982810	0.046200
5.982810	0.092438
5.985210	0.046200
5.985210	0.092438
5.987610	0.046200
5.987610	0.092438
6.033238	0.046200
6.033238	0.092439
6.035638	0.046200
6.035638	0.092439
6.038038	0.046200
6.038038	0.092439
6.039242	0.046200
6.039242	0.092438
6.041642	0.046200
6.041642	0.092438
6.044042	0.046200
6.044042	0.092438
6.045245	0.046200
6.045245	0.092438
6.047645	0.046200
6.047645	0.092438
6.050045	0.046200
6.050045	0.092438
6.052445	0.046200
6.052445	0.092438
6.054845	0.046200
6.054845	0.092438
6.056045	0.046200
6.056045	0.092438
6.058445	0.046200
6.058445	0.092438
6.060848	0.046200
6.060848	0.092438
6.063248	0.046200
6.063248	0.092438
6.065648	0.046200
6.065648	0.092438
6.068048	0.046200
6.068048	0.092438
6.070448	0.046200
6.070448	0.092438
6.072848	0.046200
6.072848	0.092438
6.075248	0.046200
6.075248	0.092438
6.077648	0.046200
6.077648	0.092438
6.080048	0.046200
6.080048	0.092438
6.125677	0.046200
6.125677	0.092438
6.128077	0.046200
6.128077	0.092438
6.130477	0.046200
6.130477	0.092438
6.131680	0.046200
6.131680	0.092438
6.134080	0.046200
6.134080	0.092438
6.136480	0.046200
6.136480	0.092438
6.137683	0.046200
6.137683	0.092439
6.140083	0.046200
6.140083	0.092439
6.142483	0.046200
6.142483	0.092439
6.144883	0.046200
6.144883	0.092439
6.147283	0.046200
6.147283	0.092439
6.148483	0.046200
6.148483	0.092439
6.150883	0.046200
6.150883	0.092439
6.153286	0.046200
6.153286	0.092439
6.155686	0.046200
6.155686	0.092439
6.158086	0.046200
6.158086	0.092439
6.160486	0.046200
6.160486	0.092439
6.162886	0.046200
6.162886	0.092439
6.165286	0.046200
6.165286	0.092439
6.167686	0.046200
6.167686	0.092439
6.170086	0.046200
6.170086	0.092439
6.172486	0.046200
6.172486	0.092439
6.218115	0.046200
6.218115	0.092439
6.220515	0.046200
6.220515	0.092439
6.222915	0.046200
6.222915	0.092439
6.224118	0.046200
6.224118	0.092439
6.226518	0.046200
6.226518	0.092439
6.228918	0.046200
6.228918	0.092439
6.230122	0.046200
6.230122	0.092438
6.232522	0.046200
6.232522	0.092438
6.234922	0.046200
6.234922	0.092438
6.237322	0.046200
6.237322	0.092438
6.239722	0.046200
6.239722	0.092438
6.240922	0.046200
6.240922	0.092438
6.243322	0.046200
6.243322	0.092438
6.245725	0.046200
6.245725	0.092438
6.248125	0.046200
6.248125	0.092438
6.250525	0.046200
6.250525	0.092438
6.252925	0.046200
6.252925	0.092438
6.255325	0.046200
6.255325	0.092438
6.257725	0.046200
6.257725	0.092438
6.260125	0.046200
6.260125	0.092438
6.262525	0.046200
6.262525	0.092438
6.264925	0.046200
6.264925	0.092438
6.310554	0.046200
6.310554	0.092438
6.312954	0.046200
6.312954	0.092438
6.315354	0.046200
6.315354	0.092438
6.316557	0.046200
6.316557	0.092438
6.318957	0.046200
6.318957	0.092438
6.321357	0.046200
6.321357	0.092438
6.322560	0.046200
6.322560	0.092438
6.324960	0.046200
6.324960	0.092438
6.327360	0.046200
6.327360	0.092438
6.329760	0.046200
6.329760	0.092438
6.332160	0.046200
6.332160	0.092438
6.333360	0.046200
6.333360	0.092438
6.335760	0.046200
6.335760	0.092438
6.338163	0.046200
6.338163	0.092439
6.340563	0.046200
6.340563	0.092439
6.342963	0.046200
6.342963	0.092439
6.345363	0.046200
6.345363	0.092439
6.347763	0.046200
6.347763	0.092439
6.350163	0.046200
6.350163	0.092439
6.352563	0.046200
6.352563	0.092439
6.354963	0.046200
6.354963	0.092439
6.357363	0.046200
6.357363	0.092439
6.402992	0.046200
6.402992	0.092438
6.405392	0.046200
6.405392	0.092438
6.407792	0.046200
6.407792	0.092438
6.408995	0.046200
6.408995	0.092439
6.411395	0.046200
6.411395	0.092439
6.413795	0.046200
6.413795	0.092439
6.414998	0.046200
6.414998	0.092439
6.417398	0.046200
6.417398	0.092439
6.419798	0.046200
6.419798	0.092439
6.422198	0.046200
6.422198	0.092439
6.424598	0.046200
6.424598	0.092439
6.425798	0.046200
6.425798	0.092439
6.428198	0.046200
6.428198	0.092439
6.430602	0.046200
6.430602	0.092438
6.433002	0.046200
6.433002	0.092438
6.435402	0.046200
6.435402	0.092438
6.437802	0.046200
6.437802	0.092438
6.440202	0.046200
6.440202	0.092438
6.442602	0.046200
6.442602	0.092438
6.445002	0.046200
6.445002	0.092438
6.447402	0.046200
6.447402	0.092438
6.449802	0.046200
6.449802	0.092438
6.495430	0.046200
6.495430	0.092439
6.497830	0.046200
6.497830	0.092439
6.500230	0.046200
6.500230	0.092439
6.501434	0.046200
6.501434	0.092438
6.503834	0.046200
6.503834	0.092438
6.506234	0.046200
6.506234	0.092438
6.507437	0.046200
6.507437	0.092438
6.509837	0.046200
6.509837	0.092438
6.512237	0.046200
6.512237	0.092438
6.514637	0.046200
6.514637	0.092438
6.517037	0.046200
6.517037	0.092438
6.518237	0.046200
6.518237	0.092438
6.520637	0.046200
6.520637	0.092438
6.523040	0.046200
6.523040	0.092438
6.525440	0.046200
6.525440	0.092438
6.527840	0.046200
6.527840	0.092438
6.530240	0.046200
6.530240	0.092438
6.532640	0.046200
6.532640	0.092438
6.535040	0.046200
6.535040	0.092438
6.537440	0.046200
6.537440	0.092438
6.539840	0.046200
6.539840	0.092438
6.542240	0.046200
6.542240	0.092438
6.587869	0.046200
6.587869	0.092438
6.590269	0.046200
6.590269	0.092438
6.592669	0.046200
6.592669	0.092438
6.593872	0.046200
6.593872	0.092438
6.596272	0.046200
6.596272	0.092438
6.598672	0.046200
6.598672	0.092438
6.599875	0.046200
6.599875	0.092439
6.602275	0.046200
6.602275	0.092439
6.604675	0.046200
6.604675	0.092439
6.607075	0.046200
6.607075	0.092439
6.609475	0.046200
6.609475	0.092439
6.610675	0.046200
6.610675	0.092439
6.613075	0.046200
6.613075	0.092439
6.615478	0.046200
6.615478	0.092439
6.617878	0.046200
6.617878	0.092439
6.620278	0.046200
6.620278	0.092439
6.622678	0.046200
6.622678	0.092439
6.625078	0.046200
6.625078	0.092439
6.627478	0.046200
6.627478	0.092439
6.629878	0.046200
6.629878	0.092439
6.632278	0.046200
6.632278	0.092439
6.634678	0.046200
6.634678	0.092439
6.680307	0.046200
6.680307	0.092439
6.682707	0.046200
6.682707	0.092439
6.685107	0.046200
6.685107	0.092439
6.686310	0.046200
6.686310	0.092439
6.688710	0.046200
6.688710	0.092439
6.691110	0.046200
6.691110	0.092439
6.692314	0.046200
6.692314	0.092438
6.694714	0.046200
6.694714	0.092438
6.697114	0.046200
6.697114	0.092438
6.699514	0.046200
6.699514	0.092438
6.701914	0.046200
6.701914	0.092438
6.703114	0.046200
6.703114	0.092438
6.705514	0.046200
6.705514	0.092438
6.707917	0.046200
6.707917	0.092438
6.710317	0.046200
6.710317	0.092438
6.712717	0.046200
6.712717	0.092438
6.715117	0.046200
6.715117	0.092438
6.717517	0.046200
6.717517	0.092438
6.719917	0.046200
6.719917	0.092438
6.722317	0.046200
6.722317	0.092438
6.724717	0.046200
6.724717	0.092438
6.727117	0.046200
6.727117	0.092438
6.772746	0.046200
6.772746	0.092438
6.775146	0.046200
6.775146	0.092438
6.777546	0.046200
6.777546	0.092438
6.778749	0.046200
6.778749	0.092438
6.781149	0.046200
6.781149	0.092438
6.783549	0.046200
6.783549	0.092438
6.784752	0.046200
6.784752	0.092438
6.787152	0.046200
6.787152	0.092438
6.789552	0.046200
6.789552	0.092438
6.791952	0.046200
6.791952	0.092438
6.794352	0.046200
6.794352	0.092438
6.795552	0.046200
6.795552	0.092438
6.797952	0.046200
6.797952	0.092438
6.800355	0.046200
6.800355	0.092439
6.802755	0.046200
6.802755	0.092439
6.805155	0.046200
6.805155	0.092439
6.807555	0.046200
6.807555	0.092439
6.809955	0.046200
6.809955	0.092439
6.812355	0.046200
6.812355	0.092439
6.814755	0.046200
6.814755	0.092439
6.817155	0.046200
6.817155	0.092439
6.819555	0.046200
6.819555	0.092439
6.865184	0.046200
6.865184	0.092438
6.867584	0.046200
6.867584	0.092438
6.869984	0.046200
6.869984	0.092438
6.871187	0.046200
6.871187	0.092439
6.873587	0.046200
6.873587	0.092439
6.875987	0.046200
6.875987	0.092439
6.877190	0.046200
6.877190	0.092439
6.879590	0.046200
6.879590	0.092439
6.881990	0.046200
6.881990	0.092439
6.884390	0.046200
6.884390	0.092439
6.886790	0.046200
6.886790	0.092439
6.887990	0.046200
6.887990	0.092439
6.890390	0.046200
6.890390	0.092439
6.892794	0.046200
6.892794	0.092438
6.895194	0.046200
6.895194	0.092438
6.897594	0.046200
6.897594	0.092438
6.899994	0.046200
6.899994	0.092438
6.902394	0.046200
6.902394	0.092438
6.904794	0.046200
6.904794	0.092438
6.907194	0.046200
6.907194	0.092438
6.909594	0.046200
6.909594	0.092438
6.911994	0.046200
6.911994	0.092438
6.957622	0.046200
6.957622	0.092439
6.960022	0.046200
6.960022	0.092439
6.962422	0.046200
6.962422	0.092439
6.963626	0.046200
6.963626	0.092438
6.966026	0.046200
6.966026	0.092438
6.968426	0.046200
6.968426	0.092438
6.969629	0.046200
6.969629	0.092438
6.972029	0.046200
6.972029	0.092438
6.974429	0.046200
6.974429	0.092438
6.976829	0.046200
6.976829	0.092438
6.979229	0.046200
6.979229	0.092438
6.980429	0.046200
6.980429	0.092438
6.982829	0.046200
6.982829	0.092438
6.985232	0.046200
6.985232	0.092438
6.987632	0.046200
6.987632	0.092438
6.990032	0.046200
6.990032	0.092438
6.992432	0.046200
6.992432	0.092438
6.994832	0.046200
6.994832	0.092438
6.997232	0.046200
6.997232	0.092438
6.999632	0.046200
6.999632	0.092438
7.002032	0.046200
7.002032	0.092438
7.004432	0.046200
7.004432	0.092438
7.050061	0.046200
7.050061	0.092438
7.052461	0.046200
7.052461	0.092438
7.054861	0.046200
7.054861	0.092438
7.056064	0.046200
7.056064	0.092438
7.058464	0.046200
7.058464	0.092438
7.060864	0.046200
7.060864	0.092438
7.062067	0.046200
7.062067	0.092439
7.064467	0.046200
7.064467	0.092439
7.066867	0.046200
7.066867	0.092439
7.069267	0.046200
7.069267	0.092439
7.071667	0.046200
7.071667	0.092439
7.072867	0.046200
7.072867	0.092439
7.075267	0.046200
7.075267	0.092439
7.077670	0.046200
7.077670	0.092439
7.080070	0.046200
7.080070	0.092439
7.082470	0.046200
7.082470	0.092439
7.084870	0.046200
7.084870	0.092439
7.087270	0.046200
7.087270	0.092439
7.089670	0.046200
7.089670	0.092439
7.092070	0.046200
7.092070	0.092439
7.094470	0.046200
7.094470	0.092439
7.096870	0.046200
7.096870	0.092439
7.142499	0.046200
7.142499	0.092439
7.144899	0.046200
7.144899	0.092439
7.147299	0.046200
7.147299	0.092439
7.148502	0.046200
7.148502	0.092439
7.150902	0.046200
7.150902	0.092439
7.153302	0.046200
7.153302	0.092439
7.154506	0.046200
7.154506	0.092438
7.156906	0.046200
7.156906	0.092438
7.159306	0.046200
7.159306	0.092438
7.161706	0.046200
7.161706	0.092438
7.164106	0.046200
7.164106	0.092438
7.165306	0.046200
7.165306	0.092438
7.167706	0.046200
7.167706	0.092438
7.170109	0.046200
7.170109	0.092438
7.172509	0.046200
7.172509	0.092438
7.174909	0.046200
7.174909	0.092438
7.177309	0.046200
7.177309	0.092438
7.179709	0.046200
7.179709	0.092438
7.182109	0.046200
7.182109	0.092438
7.184509	0.046200
7.184509	0.092438
7.186909	0.046200
7.186909	0.092438
7.189309	0.046200
7.189309	0.092438
7.234938	0.046200
7.234938	0.092438
7.237338	0.046200
7.237338	0.092438
7.239738	0.046200
7.239738	0.092438
7.240941	0.046200
7.240941	0.092438
7.243341	0.046200
7.243341	0.092438
7.245741	0.046200
7.245741	0.092438
7.246944	0.046200
7.246944	0.092438
7.249344	0.046200
7.249344	0.092438
7.251744	0.046200
7.251744	0.092438
7.254144	0.046200
7.254144	0.092438
7.256544	0.046200
7.256544	0.092438
7.257744	0.046200
7.257744	0.092438
7.260144	0.046200
7.260144	0.092438
7.262547	0.046200
7.262547	0.092439
7.264947	0.046200
7.264947	0.092439
7.267347	0.046200
7.267347	0.092439
7.269747	0.046200
7.269747	0.092439
7.272147	0.046200
7.272147	0.092439
7.274547	0.046200
7.274547	0.092439
7.276947	0.046200
7.276947	0.092439
7.279347	0.046200
7.279347	0.092439
7.281747	0.046200
7.281747	0.092439
7.327376	0.046200
7.327376	0.092438
7.329776	0.046200
7.329776	0.092438
7.332176	0.046200
7.332176	0.092438
7.333379	0.046200
7.333379	0.092439
7.335779	0.046200
7.335779	0.092439
7.338179	0.046200
7.338179	0.092439
7.339382	0.046200
7.339382	0.092439
7.341782	0.046200
7.341782	0.092439
7.344182	0.046200
7.344182	0.092439
7.346582	0.046200
7.346582	0.092439
7.348982	0.046200
7.348982	0.092439
7.350182	0.046200
7.350182	0.092439
7.352582	0.046200
7.352582	0.092439
7.354986	0.046200
7.354986	0.092438
7.357386	0.046200
7.357386	0.092438
7.359786	0.046200
7.359786	0.092438
7.362186	0.046200
7.362186	0.092438
7.364586	0.046200
7.364586	0.092438
7.366986	0.046200
7.366986	0.092438
7.369386	0.046200
7.369386	0.092438
7.371786	0.046200
7.371786	0.092438
7.374186	0.046200
7.374186	0.092438
7.419814	0.046200
7.419814	0.092439
7.422214	0.046200
7.422214	0.092439
7.424614	0.046200
7.424614	0.092439
7.425818	0.046200
7.425818	0.092438
7.428218	0.046200
7.428218	0.092438
7.430618	0.046200
7.430618	0.092438
7.431821	0.046200
7.431821	0.092438
7.434221	0.046200
7.434221	0.092438
7.436621	0.046200
7.436621	0.092438
7.439021	0.046200
7.439021	0.092438
7.441421	0.046200
7.441421	0.092438
7.442621	0.046200
7.442621	0.092438
7.445021	0.046200
7.445021	0.092438
7.447424	0.046200
7.447424	0.092438
7.449824	0.046200
7.449824	0.092438
7.452224	0.046200
7.452224	0.092438
7.454624	0.046200
7.454624	0.092438
7.457024	0.046200
7.457024	0.092438
7.459424	0.046200
7.459424	0.092438
7.461824	0.046200
7.461824	0.092438
7.464224	0.046200
7.464224	0.092438
7.466624	0.046200
7.466624	0.092438
7.512253	0.046200
7.512253	0.092438
7.514653	0.046200
7.514653	0.092438
7.517053	0.046200
7.517053	0.092438
7.518256	0.046200
7.518256	0.092438
7.520656	0.046200
7.520656	0.092438
7.523056	0.046200
7.523056	0.092438
7.524259	0.046200
7.524259	0.092439
7.526659	0.046200
7.526659	0.092439
7.529059	0.046200
7.529059	0.092439
7.531459	0.046200
7.531459	0.092439
7.533859	0.046200
7.533859	0.092439
7.535059	0.046200
7.535059	0.092439
7.537459	0.046200
7.537459	0.092439
7.539862	0.046200
7.539862	0.092439
7.542262	0.046200
7.542262	0.092439
7.544662	0.046200
7.544662	0.092439
7.547062	0.046200
7.547062	0.092439
7.549462	0.046200
7.549462	0.092439
7.551862	0.046200
7.551862	0.092439
7.554262	0.046200
7.554262	0.092439
7.556662	0.046200
7.556662	0.092439
7.559062	0.046200
7.559062	0.092439
7.604691	0.046200
7.604691	0.092439
7.607091	0.046200
7.607091	0.092439
7.609491	0.046200
7.609491	0.092439
7.610694	0.046200
7.610694	0.092439
7.613094	0.046200
7.613094	0.092439
7.615494	0.046200
7.615494	0.092439
7.616698	0.046200
7.616698	0.092438
7.619098	0.046200
7.619098	0.092438
7.621498	0.046200
7.621498	0.092438
7.623898	0.046200
7.623898	0.092438
7.626298	0.046200
7.626298	0.092438
7.627498	0.046200
7.627498	0.092438
7.629898	0.046200
7.629898	0.092438
7.632301	0.046200
7.632301	0.092438
7.634701	0.046200
7.634701	0.092438
7.637101	0.046200
7.637101	0.092438
7.639501	0.046200
7.639501	0.092438
7.641901	0.046200
7.641901	0.092438
7.644301	0.046200
7.644301	0.092438
7.646701	0.046200
7.646701	0.092438
7.649101	0.046200
7.649101	0.092438
7.651501	0.046200
7.651501	0.092438
7.697130	0.046200
7.697130	0.092438
7.699530	0.046200
7.699530	0.092438
7.701930	0.046200
7.701930	0.092438
7.703133	0.046200
7.703133	0.092438
7.705533	0.046200
7.705533	0.092438
7.707933	0.046200
7.707933	0.092438
7.709136	0.046200
7.709136	0.092438
7.711536	0.046200
7.711536	0.092438
7.713936	0.046200
7.713936	0.092438
7.716336	0.046200
7.716336	0.092438
7.718736	0.046200
7.718736	0.092438
7.719936	0.046200
7.719936	0.092438
7.722336	0.046200
7.722336	0.092438
7.724739	0.046200
7.724739	0.092439
7.727139	0.046200
7.727139	0.092439
7.729539	0.046200
7.729539	0.092439
7.731939	0.046200
7.731939	0.092439
7.734339	0.046200
7.734339	0.092439
7.736739	0.046200
7.736739	0.092439
7.739139	0.046200
7.739139	0.092439
7.741539	0.046200
7.741539	0.092439
7.743939	0.046200
7.743939	0.092439
7.789568	0.046200
7.789568	0.092438
7.791968	0.046200
7.791968	0.092438
7.794368	0.046200
7.794368	0.092438
7.795571	0.046200
7.795571	0.092439
7.797971	0.046200
7.797971	0.092439
7.800371	0.046200
7.800371	0.092439
7.801574	0.046200
7.801574	0.092439
7.803974	0.046200
7.803974	0.092439
7.806374	0.046200
7.806374	0.092439
7.808774	0.046200
7.808774	0.092439
7.811174	0.046200
7.811174	0.092439
7.812374	0.046200
7.812374	0.092439
7.814774	0.046200
7.814774	0.092439
7.817178	0.046200
7.817178	0.092438
7.819578	0.046200
7.819578	0.092438
7.821978	0.046200
7.821978	0.092438
7.824378	0.046200
7.824378	0.092438
7.826778	0.046200
7.826778	0.092438
7.829178	0.046200
7.829178	0.092438
7.831578	0.046200
7.831578	0.092438
7.833978	0.046200
7.833978	0.092438
7.836378	0.046200
7.836378	0.092438
7.882006	0.046200
7.882006	0.092439
7.884406	0.046200
7.884406	0.092439
7.886806	0.046200
7.886806	0.092439
7.888010	0.046200
7.888010	0.092438
7.890410	0.046200
7.890410	0.092438
7.892810	0.046200
7.892810	0.092438
7.894013	0.046200
7.894013	0.092438
7.896413	0.046200
7.896413	0.092438
7.898813	0.046200
7.898813	0.092438
7.901213	0.046200
7.901213	0.092438
7.903613	0.046200
7.903613	0.092438
7.904813	0.046200
7.904813	0.092438
7.907213	0.046200
7.907213	0.092438
7.909616	0.046200
7.909616	0.092438
7.912016	0.046200
7.912016	0.092438
7.914416	0.046200
7.914416	0.092438
7.916816	0.046200
7.916816	0.092438
7.919216	0.046200
7.919216	0.092438
7.921616	0.046200
7.921616	0.092438
7.924016	0.046200
7.924016	0.092438
7.926416	0.046200
7.926416	0.092438
7.928816	0.046200
7.928816	0.092438
7.974445	0.046200
7.974445	0.092438
7.976845	0.046200
7.976845	0.092438
7.979245	0.046200
7.979245	0.092438
7.980448	0.046200
7.980448	0.092438
7.982848	0.046200
7.982848	0.092438
7.985248	0.046200
7.985248	0.092438
7.986451	0.046200
7.986451	0.092439
7.988851	0.046200
7.988851	0.092439
7.991251	0.046200
7.991251	0.092439
7.993651	0.046200
7.993651	0.092439
7.996051	0.046200
7.996051	0.092439
7.997251	0.046200
7.997251	0.092439
7.999651	0.046200
7.999651	0.092439
8.002054	0.046200
8.002054	0.092439
8.004454	0.046200
8.004454	0.092439
8.006854	0.046200
8.006854	0.092439
8.009254	0.046200
8.009254	0.092439
8.011654	0.046200
8.011654	0.092439
8.014054	0.046200
8.014054	0.092439
8.016454	0.046200
8.016454	0.092439
8.018854	0.046200
8.018854	0.092439
8.021254	0.046200
8.021254	0.092439
8.066883	0.046200
8.066883	0.092439
8.069283	0.046200
8.069283	0.092439
8.071683	0.046200
8.071683	0.092439
8.072886	0.046200
8.072886	0.092439
8.075286	0.046200
8.075286	0.092439
8.077686	0.046200
8.077686	0.092439
8.078890	0.046200
8.078890	0.092438
8.081290	0.046200
8.081290	0.092438
8.083690	0.046200
8.083690	0.092438
8.086090	0.046200
8.086090	0.092438
8.088490	0.092441
8.088490	0.047400
8.089690	0.046200
8.089690	0.092438
8.092090	0.046200
8.092090	0.092438
8.094493	0.046200
8.094493	0.092438
8.096893	0.046200
8.096893	0.092438
8.099293	0.046200
8.099293	0.092438
8.101693	0.046200
8.101693	0.092438
8.104093	0.046200
8.104093	0.092438
8.106493	0.046200
8.106493	0.092438
8.108893	0.046200
8.108893	0.092438
8.111293	0.046200
8.111293	0.092438
8.113693	0.046200
8.113693	0.092438
8.159322	0.046200
8.159322	0.092438
8.161722	0.046200
8.161722	0.092438
8.164122	0.046200
8.164122	0.092438
8.165325	0.046200
8.165325	0.092438
8.167725	0.046200
8.167725	0.092438
8.170125	0.046200
8.170125	0.092438
8.171328	0.046200
8.171328	0.092438
8.173728	0.046200
8.173728	0.092438
8.176128	0.046200
8.176128	0.092438
8.178528	0.046200
8.178528	0.092438
8.180931	0.046200
8.182128	0.091238
8.182128	0.093642
8.182128	0.048600
8.184528	0.046200
8.184528	0.092438
8.186931	0.046200
8.186931	0.092439
8.189331	0.046200
8.189331	0.092439
8.191731	0.046200
8.191731	0.092439
8.194131	0.046200
8.194131	0.092439
8.196531	0.046200
8.196531	0.092439
8.198931	0.046200
8.198931	0.092439
8.201331	0.046200
8.201331	0.092439
8.203731	0.046200
8.203731	0.092439
8.206131	0.046200
8.206131	0.092439
8.251760	0.046200
8.251760	0.092438
8.254160	0.046200
8.254160	0.092438
8.256560	0.046200
8.256560	0.092438
8.257763	0.046200
8.257763	0.092439
8.260163	0.046200
8.260163	0.092439
8.262563	0.046200
8.262563	0.092439
8.263766	0.046200
8.263766	0.092439
8.266166	0.046200
8.266166	0.092439
8.268566	0.046200
8.268566	0.092439
8.270966	0.046200
8.270966	0.092439
8.273366	0.046200
8.273366	0.092439
8.275770	0.046200
8.276966	0.091239
8.276966	0.047400
8.276966	0.093639
8.279370	0.046200
8.279370	0.092438
8.281770	0.046200
8.281770	0.092438
8.284170	0.046200
8.284170	0.092438
8.286570	0.046200
8.286570	0.092438
8.288970	0.046200
8.288970	0.092438
8.291370	0.046200
8.291370	0.092438
8.293770	0.046200
8.293770	0.092438
8.296170	0.046200
8.296170	0.092438
8.298570	0.046200
8.298570	0.092438
8.344198	0.046200
8.344198	0.092439
8.346598	0.046200
8.346598	0.092439
8.348998	0.046200
8.348998	0.092439
8.350202	0.046200
8.350202	0.092438
8.352602	0.046200
8.352602	0.092438
8.355002	0.046200
8.355002	0.092438
8.356205	0.046200
8.356205	0.092438
8.358605	0.046200
8.358605	0.092438
8.361005	0.046200
8.361005	0.092438
8.363405	0.046200
8.363405	0.092438
8.365805	0.046200
8.365805	0.092438
8.368205	0.046200
8.368205	0.092438
8.370605	0.046200
8.370605	0.092438
8.371808	0.046200
8.371808	0.092438
8.374208	0.046200
8.374208	0.092438
8.376608	0.046200
8.376608	0.092438
8.379008	0.046200
8.379008	0.092438
8.381408	0.046200
8.381408	0.092438
8.383808	0.046200
8.383808	0.092438
8.386208	0.046200
8.386208	0.092438
8.388608	0.046200
8.388608	0.092438
8.391008	0.046200
8.391008	0.092438
8.436637	0.046200
8.436637	0.092438
8.439037	0.046200
8.439037	0.092438
8.441437	0.046200
8.441437	0.092438
8.442640	0.046200
8.442640	0.092438
8.445040	0.046200
8.445040	0.092438
8.447440	0.046200
8.447440	0.092438
8.448643	0.046200
8.448643	0.092439
8.451043	0.046200
8.451043	0.092439
8.453443	0.046200
8.453443	0.092439
8.455843	0.046200
8.455843	0.092439
8.458243	0.046200
8.458243	0.092439
8.460643	0.046200
8.460643	0.092439
8.463043	0.046200
8.463043	0.092439
8.464246	0.046200
8.464246	0.092439
8.466646	0.046200
8.466646	0.092439
8.469046	0.046200
8.469046	0.092439
8.471446	0.046200
8.471446	0.092439
8.473846	0.046200
8.473846	0.092439
8.476246	0.046200
8.476246	0.092439
8.478646	0.046200
8.478646	0.092439
8.481046	0.046200
8.481046	0.092439
8.483446	0.046200
8.483446	0.092439
8.529075	0.046200
8.529075	0.092439
8.531475	0.046200
8.531475	0.092439
8.533875	0.046200
8.533875	0.092439
8.535078	0.046200
8.535078	0.092439
8.537478	0.046200
8.537478	0.092439
8.539878	0.046200
8.539878	0.092439
8.541082	0.046200
8.541082	0.092438
8.543482	0.046200
8.543482	0.092438
8.545882	0.046200
8.545882	0.092438
8.548282	0.046200
8.548282	0.092438
8.550682	0.046200
8.550682	0.092438
8.553082	0.046200
8.553082	0.092438
8.555482	0.046200
8.555482	0.092438
8.556685	0.046200
8.556685	0.092438
8.559085	0.046200
8.559085	0.092438
8.561485	0.046200
8.561485	0.092438
8.563885	0.046200
8.563885	0.092438
8.566285	0.046200
8.566285	0.092438
8.568685	0.046200
8.568685	0.092438
8.571085	0.046200
8.571085	0.092438
8.573485	0.046200
8.573485	0.092438
8.575885	0.046200
8.575885	0.092438
8.621514	0.046200
8.621514	0.092438
8.623914	0.046200
8.623914	0.092438
8.626314	0.046200
8.626314	0.092438
8.627517	0.046200
8.627517	0.092438
8.629917	0.046200
8.629917	0.092438
8.632317	0.046200
8.632317	0.092438
8.633520	0.046200
8.633520	0.092438
8.635920	0.046200
8.635920	0.092438
8.638320	0.046200
8.638320	0.092438
8.640720	0.046200
8.640720	0.092438
8.643120	0.046200
8.643120	0.092438
8.645520	0.046200
8.645520	0.092438
8.647920	0.046200
8.647920	0.092438
8.649123	0.046200
8.649123	0.092439
8.651523	0.046200
8.651523	0.092439
8.653923	0.046200
8.653923	0.092439
8.656323	0.046200
8.656323	0.092439
8.658723	0.046200
8.658723	0.092439
8.661123	0.046200
8.661123	0.092439
8.663523	0.046200
8.663523	0.092439
8.665923	0.046200
8.665923	0.092439
8.668323	0.046200
8.668323	0.092439
8.713952	0.046200
8.713952	0.092438
8.716352	0.046200
8.716352	0.092438
8.718752	0.046200
8.718752	0.092438
8.719955	0.046200
8.719955	0.092439
8.722355	0.046200
8.722355	0.092439
8.724755	0.046200
8.724755	0.092439
8.725958	0.046200
8.725958	0.092439
8.728358	0.046200
8.728358	0.092439
8.730758	0.046200
8.730758	0.092439
8.733158	0.046200
8.733158	0.092439
8.735558	0.046200
8.735558	0.092439
8.737958	0.046200
8.737958	0.092439
8.740358	0.046200
8.740358	0.092439
8.741562	0.046200
8.741562	0.092438
8.743962	0.046200
8.743962	0.092438
8.746362	0.046200
8.746362	0.092438
8.748762	0.046200
8.748762	0.092438
8.751162	0.046200
8.751162	0.092438
8.753562	0.046200
8.753562	0.092438
8.755962	0.046200
8.755962	0.092438
8.758362	0.046200
8.758362	0.092438
8.760762	0.046200
8.760762	0.092438
8.806390	0.046200
8.806390	0.092439
8.808790	0.046200
8.808790	0.092439
8.811190	0.046200
8.811190	0.092439
8.812394	0.046200
8.812394	0.092438
8.814794	0.046200
8.814794	0.092438
8.817194	0.046200
8.817194	0.092438
8.818397	0.046200
8.818397	0.092438
8.820797	0.046200
8.820797	0.092438
8.823197	0.046200
8.823197	0.092438
8.825597	0.046200
8.825597	0.092438
8.827997	0.046200
8.827997	0.092438
8.830397	0.046200
8.830397	0.092438
8.832797	0.046200
8.832797	0.092438
8.834000	0.046200
8.834000	0.092438
8.836400	0.046200
8.836400	0.092438
8.838800	0.046200
8.838800	0.092438
8.841200	0.046200
8.841200	0.092438
8.843600	0.046200
8.843600	0.092438
8.846000	0.046200
8.846000	0.092438
8.848400	0.046200
8.848400	0.092438
8.850800	0.046200
8.850800	0.092438
8.853200	0.046200
8.853200	0.092438
8.898829	0.046200
8.898829	0.092438
8.901229	0.046200
8.901229	0.092438
8.903629	0.046200
8.903629	0.092438
8.904832	0.046200
8.904832	0.092438
8.907232	0.046200
8.907232	0.092438
8.909632	0.046200
8.909632	0.092438
8.910835	0.046200
8.910835	0.092439
8.913235	0.046200
8.913235	0.092439
8.915635	0.046200
8.915635	0.092439
8.918035	0.046200
8.918035	0.092439
8.920435	0.046200
8.920435	0.092439
8.922835	0.046200
8.922835	0.092439
8.925235	0.046200
8.925235	0.092439
8.926438	0.046200
8.926438	0.092439
8.928838	0.046200
8.928838	0.092439
8.931238	0.046200
8.931238	0.092439
8.933638	0.046200
8.933638	0.092439
8.936038	0.046200
8.936038	0.092439
8.938438	0.046200
8.938438	0.092439
8.940838	0.046200
8.940838	0.092439
8.943238	0.046200
8.943238	0.092439
8.945638	0.046200
8.945638	0.092439
8.991267	0.046200
8.991267	0.092439
8.993667	0.046200
8.993667	0.092439
8.996067	0.046200
8.996067	0.092439
8.997270	0.046200
8.997270	0.092439
8.999670	0.046200
8.999670	0.092439
9.002070	0.046200
9.002070	0.092439
9.003274	0.046200
9.003274	0.092438
9.005674	0.046200
9.005674	0.092438
9.008074	0.046200
9.008074	0.092438
9.010474	0.046200
9.010474	0.092438
9.012874	0.046200
9.012874	0.092438
9.015274	0.046200
9.015274	0.092438
9.017674	0.046200
9.017674	0.092438
9.018877	0.046200
9.018877	0.092438
9.021277	0.046200
9.021277	0.092438
9.023677	0.046200
9.023677	0.092438
9.026077	0.046200
9.026077	0.092438
9.028477	0.046200
9.028477	0.092438
9.030877	0.046200
9.030877	0.092438
9.033277	0.046200
9.033277	0.092438
9.035677	0.046200
9.035677	0.092438
9.038077	0.046200
9.038077	0.092438
9.083706	0.046200
9.083706	0.092438
9.086106	0.046200
9.086106	0.092438
9.088506	0.046200
9.088506	0.092438
9.089709	0.046200
9.089709	0.092438
9.092109	0.046200
9.092109	0.092438
9.094509	0.046200
9.094509	0.092438
9.095712	0.046200
9.095712	0.092438
9.098112	0.046200
9.098112	0.092438
9.100512	0.046200
9.100512	0.092438
9.102912	0.046200
9.102912	0.092438
9.105312	0.046200
9.105312	0.092438
9.107712	0.046200
9.107712	0.092438
9.110112	0.046200
9.110112	0.092438
9.111315	0.046200
9.111315	0.092439
9.113715	0.046200
9.113715	0.092439
9.116115	0.046200
9.116115	0.092439
9.118515	0.046200
9.118515	0.092439
9.120915	0.046200
9.120915	0.092439
9.123315	0.046200
9.123315	0.092439
9.125715	0.046200
9.125715	0.092439
9.128115	0.046200
9.128115	0.092439
9.130515	0.046200
9.130515	0.092439
9.176144	0.046200
9.176144	0.092438
9.178544	0.046200
9.178544	0.092438
9.180944	0.046200
9.180944	0.092438
9.182147	0.046200
9.182147	0.092439
9.184547	0.046200
9.184547	0.092439
9.186947	0.046200
9.186947	0.092439
9.188150	0.046200
9.188150	0.092439
9.190550	0.046200
9.190550	0.092439
9.192950	0.046200
9.192950	0.092439
9.195350	0.046200
9.195350	0.092439
9.197750	0.046200
9.197750	0.092439
9.200150	0.046200
9.200150	0.092439
9.202550	0.046200
9.202550	0.092439
9.203754	0.046200
9.203754	0.092438
9.206154	0.046200
9.206154	0.092438
9.208554	0.046200
9.208554	0.092438
9.210954	0.046200
9.210954	0.092438
9.213354	0.046200
9.213354	0.092438
9.215754	0.046200
9.215754	0.092438
9.218154	0.046200
9.218154	0.092438
9.220554	0.046200
9.220554	0.092438
9.222954	0.046200
9.222954	0.092438
9.268582	0.046200
9.268582	0.092439
9.270982	0.046200
9.270982	0.092439
9.273382	0.046200
9.273382	0.092439
9.274586	0.046200
9.274586	0.092438
9.276986	0.046200
9.276986	0.092438
9.279386	0.046200
9.279386	0.092438
9.280589	0.046200
9.280589	0.092438
9.282989	0.046200
9.282989	0.092438
9.285389	0.046200
9.285389	0.092438
9.287789	0.046200
9.287789	0.092438
9.290189	0.046200
9.290189	0.092438
9.292589	0.046200
9.292589	0.092438
9.294989	0.046200
9.294989	0.092438
9.296192	0.046200
9.296192	0.092438
9.298592	0.046200
9.298592	0.092438
9.300992	0.046200
9.300992	0.092438
9.303392	0.046200
9.303392	0.092438
9.305792	0.046200
9.305792	0.092438
9.308192	0.046200
9.308192	0.092438
9.310592	0.046200
9.310592	0.092438
9.312992	0.046200
9.312992	0.092438
9.315392	0.046200
9.315392	0.092438
9.361021	0.046200
9.361021	0.092438
9.363421	0.046200
9.363421	0.092438
9.365821	0.046200
9.365821	0.092438
9.367024	0.046200
9.367024	0.092438
9.369424	0.046200
9.369424	0.092438
9.371824	0.046200
9.371824	0.092438
9.373027	0.046200
9.373027	0.092439
9.375427	0.046200
9.375427	0.092439
9.377827	0.046200
9.377827	0.092439
9.380227	0.046200
9.380227	0.092439
9.382627	0.046200
9.382627	0.092439
9.385027	0.046200
9.385027	0.092439
9.387427	0.046200
9.387427	0.092439
9.388630	0.046200
9.388630	0.092439
9.391030	0.046200
9.391030	0.092439
9.393430	0.046200
9.393430	0.092439
9.395830	0.046200
9.395830	0.092439
9.398230	0.046200
9.398230	0.092439
9.400630	0.046200
9.400630	0.092439
9.403030	0.046200
9.403030	0.092439
9.405430	0.046200
9.405430	0.092439
9.407830	0.046200
9.407830	0.092439
9.453459	0.046200
9.453459	0.092439
9.455859	0.046200
9.455859	0.092439
9.458259	0.046200
9.458259	0.092439
9.459462	0.046200
9.459462	0.092439
9.461862	0.046200
9.461862	0.092439
9.464262	0.046200
9.464262	0.092439
9.465466	0.046200
9.465466	0.092438
9.467866	0.046200
9.467866	0.092438
9.470266	0.046200
9.470266	0.092438
9.472666	0.046200
9.472666	0.092438
9.475066	0.046200
9.475066	0.092438
9.477466	0.046200
9.477466	0.092438
9.479866	0.046200
9.479866	0.092438
9.481069	0.046200
9.481069	0.092438
9.483469	0.046200
9.483469	0.092438
9.485869	0.046200
9.485869	0.092438
9.488269	0.046200
9.488269	0.092438
9.490669	0.046200
9.490669	0.092438
9.493069	0.046200
9.493069	0.092438
9.495469	0.046200
9.495469	0.092438
9.497869	0.046200
9.497869	0.092438
9.500269	0.046200
9.500269	0.092438
9.545898	0.046200
9.545898	0.092438
9.548298	0.046200
9.548298	0.092438
9.550698	0.046200
9.550698	0.092438
9.551901	0.046200
9.551901	0.092438
9.554301	0.046200
9.554301	0.092438
9.556701	0.046200
9.556701	0.092438
9.557904	0.046200
9.557904	0.092438
9.560304	0.046200
9.560304	0.092438
9.562704	0.046200
9.562704	0.092438
9.565104	0.046200
9.565104	0.092438
9.567504	0.046200
9.567504	0.092438
9.569904	0.046200
9.569904	0.092438
9.572304	0.046200
9.572304	0.092438
9.573507	0.046200
9.573507	0.092439
9.575907	0.046200
9.575907	0.092439
9.578307	0.046200
9.578307	0.092439
9.580707	0.046200
9.580707	0.092439
9.583107	0.046200
9.583107	0.092439
9.585507	0.046200
9.585507	0.092439
9.587907	0.046200
9.587907	0.092439
9.590307	0.046200
9.590307	0.092439
9.592707	0.046200
9.592707	0.092439
9.638336	0.046200
9.638336	0.092438
9.640736	0.046200
9.640736	0.092438
9.643136	0.046200
9.643136	0.092438
9.644339	0.046200
9.644339	0.092439
9.646739	0.046200
9.646739	0.092439
9.649139	0.046200
9.649139	0.092439
9.650342	0.046200
9.650342	0.092439
9.652742	0.046200
9.652742	0.092439
9.655142	0.046200
9.655142	0.092439
9.657542	0.046200
9.657542	0.092439
9.659942	0.046200
9.659942	0.092439
9.662342	0.046200
9.662342	0.092439
9.664742	0.046200
9.664742	0.092439
9.665946	0.046200
9.665946	0.092438
9.668346	0.046200
9.668346	0.092438
9.670746	0.046200
9.670746	0.092438
9.673146	0.046200
9.673146	0.092438
9.675546	0.046200
9.675546	0.092438
9.677946	0.046200
9.677946	0.092438
9.680346	0.046200
9.680346	0.092438
9.682746	0.046200
9.682746	0.092438
9.685146	0.046200
9.685146	0.092438
9.730774	0.046200
9.730774	0.092439
9.733174	0.046200
9.733174	0.092439
9.735574	0.046200
9.735574	0.092439
9.736778	0.046200
9.736778	0.092438
9.739178	0.046200
9.739178	0.092438
9.741578	0.046200
9.741578	0.092438
9.742781	0.046200
9.742781	0.092438
9.745181	0.046200
9.745181	0.092438
9.747581	0.046200
9.747581	0.092438
9.749981	0.046200
9.749981	0.092438
9.752381	0.046200
9.752381	0.092438
9.754781	0.046200
9.754781	0.092438
9.757181	0.046200
9.757181	0.092438
9.758384	0.046200
9.758384	0.092438
9.760784	0.046200
9.760784	0.092438
9.763184	0.046200
9.763184	0.092438
9.765584	0.046200
9.765584	0.092438
9.767984	0.046200
9.767984	0.092438
9.770384	0.046200
9.770384	0.092438
9.772784	0.046200
9.772784	0.092438
9.775184	0.046200
9.775184	0.092438
9.777584	0.046200
9.777584	0.092438
9.823213	0.046200
9.823213	0.092438
9.825613	0.046200
9.825613	0.092438
9.828013	0.046200
9.828013	0.092438
9.829216	0.046200
9.829216	0.092438
9.831616	0.046200
9.831616	0.092438
9.834016	0.046200
9.834016	0.092438
9.835219	0.046200
9.835219	0.092439
9.837619	0.046200
9.837619	0.092439
9.840019	0.046200
9.840019	0.092439
9.842419	0.046200
9.842419	0.092439
9.844819	0.046200
9.844819	0.092439
9.847219	0.046200
9.847219	0.092439
9.849619	0.046200
9.849619	0.092439
9.850822	0.046200
9.850822	0.092439
9.853222	0.046200
9.853222	0.092439
9.855622	0.046200
9.855622	0.092439
9.858022	0.046200
9.858022	0.092439
9.860422	0.046200
9.860422	0.092439
9.862822	0.046200
9.862822	0.092439
9.865222	0.046200
9.865222	0.092439
9.867622	0.046200
9.867622	0.092439
9.870022	0.046200
9.870022	0.092439
9.915651	0.046200
9.918051	0.046200
9.920451	0.046200
9.921654	0.046200
9.924054	0.046200
9.926454	0.046200
9.927658	0.046200
9.930058	0.046200
9.932458	0.046200
9.934858	0.046200
9.937258	0.046200
9.939658	0.046200
9.942058	0.046200
9.943261	0.046200
9.945661	0.046200
9.948061	0.046200
9.950461	0.046200
9.952861	0.046200
