0.03	0.00
0.08	8.83
0.13	7.25
0.19	7.22
0.20	74.94
0.26	105.68
0.28	148.56
0.29	187.51
0.34	195.67
0.35	225.40
0.36	253.01
0.40	259.11
0.41	282.08
0.42	303.66
0.44	323.99
0.45	343.17
0.46	361.28
0.47	376.42
0.49	392.64
0.50	408.03
0.51	422.66
0.52	436.59
0.53	449.86
0.55	462.52
0.56	474.61
0.57	486.17
0.58	497.23
0.59	507.83
0.61	517.98
0.62	527.73
0.63	537.09
0.64	546.09
0.65	554.74
0.67	563.07
0.68	571.09
0.69	578.83
0.70	586.29
0.71	593.49
0.73	600.44
0.74	607.16
0.75	613.66
0.76	619.95
0.77	626.03
0.79	631.93
0.80	637.64
0.81	643.17
0.82	648.54
0.83	653.75
0.85	658.81
0.86	663.72
0.87	668.50
0.88	673.14
0.89	677.65
0.91	682.04
0.92	686.31
0.93	690.46
0.94	694.51
0.95	698.46
0.97	702.30
0.98	706.05
0.99	709.70
1.00	713.26
1.01	716.74
1.03	720.14
1.04	723.45
1.05	726.69
1.06	729.85
1.07	732.94
1.09	735.96
1.10	738.91
1.11	741.79
1.12	744.62
1.13	747.38
1.15	750.08
1.16	752.73
1.17	755.32
1.18	757.86
1.19	760.34
1.21	762.77
1.22	765.16
1.23	767.50
1.24	769.79
1.25	772.04
1.27	774.24
1.28	776.40
1.29	778.52
1.30	780.60
1.31	782.64
1.33	784.65
1.34	786.61
1.35	788.55
1.36	790.44
1.37	792.31
1.39	794.14
1.40	795.94
1.41	797.70
1.42	799.44
1.43	801.15
1.45	802.83
1.46	804.48
1.47	806.10
1.48	807.70
1.49	809.27
1.51	810.81
1.52	812.33
1.53	813.83
1.54	815.30
1.55	816.75
1.57	818.18
1.58	819.58
1.59	820.96
1.60	822.33
1.61	823.67
1.63	824.99
1.64	826.29
1.65	827.57
1.66	828.84
1.67	830.08
1.69	831.31
1.70	832.52
1.71	833.71
1.72	834.89
1.73	836.05
1.75	837.19
1.76	838.32
1.77	839.43
1.78	840.52
1.79	841.61
1.81	842.67
1.82	843.73
1.83	844.76
1.84	845.79
1.85	846.80
1.87	847.80
1.88	848.78
1.89	849.76
1.90	850.72
1.91	851.67
1.93	852.60
1.94	853.53
1.95	854.44
1.96	855.34
1.97	856.23
1.99	857.11
2.00	857.98
2.01	858.84
2.02	859.69
2.03	860.52
2.05	861.35
2.06	862.17
2.07	862.98
2.08	863.78
2.09	864.57
2.11	865.35
2.12	866.12
2.13	866.88
2.14	867.64
2.15	868.38
2.17	869.12
2.18	869.85
2.19	870.57
2.20	871.28
2.21	871.99
2.23	872.69
2.24	873.38
2.25	874.06
2.26	874.74
2.27	875.40
2.29	876.07
2.30	876.72
2.31	877.37
2.32	878.01
2.33	878.64
2.35	879.27
2.36	879.89
2.37	880.50
2.38	881.11
2.39	881.71
2.41	882.31
2.42	882.90
2.43	883.48
2.44	884.06
2.45	884.64
2.47	885.20
2.48	885.76
2.49	886.32
2.50	886.87
2.51	887.42
2.53	887.96
2.54	888.49
2.55	889.02
2.56	889.55
2.57	890.07
2.59	890.58
2.60	891.09
2.61	891.60
2.62	892.10
2.63	892.59
2.65	893.09
2.66	893.57
2.67	894.06
2.68	894.53
2.69	895.01
2.71	895.48
2.72	895.94
2.73	896.40
2.74	896.86
2.75	897.32
2.77	897.77
2.78	898.21
2.79	898.65
2.80	899.09
2.81	899.52
2.83	899.95
2.84	900.38
2.85	900.80
2.86	901.22
2.87	901.64
2.89	902.05
2.90	902.46
2.91	902.87
2.92	903.27
2.93	903.67
2.95	904.06
2.96	904.46
2.97	904.85
2.98	905.23
2.99	905.62
3.01	905.99
3.02	906.37
3.03	906.75
3.04	907.12
3.05	907.48
3.07	907.85
3.08	908.21
3.09	908.57
3.10	908.93
3.11	909.28
3.13	909.63
3.14	909.98
3.15	910.33
3.16	910.67
3.17	911.01
3.19	911.35
3.20	911.68
3.21	912.02
3.22	912.35
3.23	912.67
3.25	913.00
3.26	913.32
3.27	913.64
3.28	913.96
3.29	914.28
3.31	914.59
3.32	914.90
3.33	915.21
3.34	915.52
3.35	915.82
3.37	916.12
3.38	916.42
3.39	916.72
3.40	917.02
3.41	917.31
3.43	917.60
3.44	917.89
3.45	918.18
3.46	918.47
3.47	918.75
3.49	919.03
3.50	919.31
3.51	919.59
3.52	919.86
3.53	920.14
3.55	920.41
3.56	920.68
3.57	920.95
3.58	921.22
3.59	921.48
3.61	921.74
3.62	922.00
3.63	922.26
3.64	922.52
3.65	922.78
3.67	923.03
3.68	923.29
3.69	923.54
3.70	923.79
3.71	924.03
3.73	924.28
3.74	924.53
3.75	924.77
3.76	925.01
3.77	925.25
3.79	925.49
3.80	925.73
3.81	925.96
3.82	926.19
3.83	926.43
3.85	926.66
3.86	926.89
3.87	927.12
3.88	927.34
3.89	927.57
3.91	927.79
3.92	928.01
3.93	928.24
3.94	928.46
3.95	928.67
3.97	928.89
3.98	929.11
3.99	929.32
4.00	929.53
4.01	929.75
4.03	929.96
4.04	930.17
4.05	930.38
4.06	930.58
4.07	930.79
4.09	930.99
4.10	931.20
4.11	931.40
4.12	931.60
4.13	931.80
4.15	932.00
4.16	932.19
4.17	932.39
4.18	932.59
4.19	932.78
4.21	932.97
4.22	933.16
4.23	933.36
4.24	933.54
4.25	933.73
4.27	933.92
4.28	934.11
4.29	934.29
4.30	934.48
4.31	934.66
4.33	934.84
4.34	935.02
4.35	935.20
4.36	935.38
4.37	935.56
4.39	935.74
4.40	935.92
4.41	936.09
4.42	936.26
4.43	936.44
4.45	936.61
4.46	936.78
4.47	936.95
4.48	937.12
4.49	937.29
4.51	937.46
4.52	937.63
4.53	937.79
4.54	937.96
4.55	938.12
4.57	938.29
4.58	938.45
4.59	938.61
4.60	938.77
4.61	938.93
4.63	939.09
4.64	939.25
4.65	939.41
4.66	939.56
4.67	939.72
4.69	939.87
4.70	940.03
4.71	940.18
4.72	940.34
4.73	940.49
4.75	940.64
4.76	940.79
4.77	940.94
4.78	941.09
4.79	941.24
4.81	941.38
4.82	941.53
4.83	941.68
4.84	941.82
4.85	941.97
4.87	942.11
4.88	942.25
4.89	942.40
4.90	942.54
4.91	942.68
4.93	942.82
4.94	942.96
4.95	943.10
4.96	943.24
4.97	943.37
4.99	943.51
5.00	943.65
5.01	943.78
5.02	943.92
5.03	944.05
5.05	944.19
5.06	944.32
5.07	944.45
5.08	944.58
5.09	944.71
5.11	944.84
5.12	944.97
5.13	945.10
5.14	945.23
5.15	945.36
5.17	945.49
5.18	945.61
5.19	945.74
5.20	945.87
5.21	945.99
5.23	946.12
5.24	946.24
5.25	946.36
5.26	946.49
5.27	946.61
5.29	946.73
5.30	946.85
5.31	946.97
5.32	947.09
5.33	947.21
5.35	947.33
5.36	947.45
5.37	947.57
5.38	947.69
5.39	947.80
5.41	947.92
5.42	948.03
5.43	948.15
5.44	948.27
5.45	948.38
5.47	948.49
5.48	948.61
5.49	948.72
5.50	948.83
5.51	948.94
5.53	949.05
5.54	949.17
5.55	949.28
5.56	949.39
5.57	949.50
5.59	949.60
5.60	949.71
5.61	949.82
5.62	949.93
5.63	950.04
5.65	950.14
5.66	950.25
5.67	950.35
5.68	950.46
5.69	950.56
5.71	950.67
5.72	950.77
5.73	950.88
5.74	950.98
5.75	951.08
5.77	951.18
5.78	951.29
5.79	951.39
5.80	951.49
5.81	951.59
5.83	951.69
5.84	951.79
5.85	951.89
5.86	951.99
5.87	952.09
5.89	952.18
5.90	952.28
5.91	952.38
5.92	952.48
5.93	952.57
5.95	952.67
5.96	952.76
5.97	952.86
5.98	952.95
5.99	953.05
6.01	953.14
6.02	953.24
6.03	953.33
6.04	953.42
6.05	953.52
6.07	953.61
6.08	953.70
6.09	953.79
6.10	953.88
6.11	953.97
6.13	954.06
6.14	954.15
6.15	954.24
6.16	954.33
6.17	954.42
6.19	954.51
6.20	954.60
6.21	954.69
6.22	954.78
6.23	954.86
6.25	954.95
6.26	955.04
6.27	955.12
6.28	955.21
6.29	955.30
6.31	955.38
6.32	955.47
6.33	955.55
6.34	955.64
6.35	955.72
6.37	955.80
6.38	955.89
6.39	955.97
6.40	956.05
6.41	956.14
6.43	956.22
6.44	956.30
6.45	956.38
6.46	956.46
6.47	956.54
6.49	956.62
6.50	956.70
6.51	956.78
6.52	956.86
6.53	956.94
6.55	957.02
6.56	957.10
6.57	957.18
6.58	957.26
6.59	957.34
6.61	957.41
6.62	957.49
6.63	957.57
6.64	957.65
6.65	957.72
6.67	957.80
6.68	957.88
6.69	957.95
6.70	958.03
6.71	958.10
6.73	958.18
6.74	958.25
6.75	958.33
6.76	958.40
6.77	958.47
6.79	958.55
6.80	958.62
6.81	958.70
6.82	958.77
6.83	958.84
6.85	958.91
6.86	958.99
6.87	959.06
6.88	959.13
6.89	959.20
6.91	959.27
6.92	959.34
6.93	959.41
6.94	959.48
6.95	959.55
6.97	959.62
6.98	959.69
6.99	959.76
7.00	959.83
7.01	959.90
7.03	959.97
7.04	960.04
7.05	960.11
7.06	960.17
7.07	960.24
7.09	960.31
7.10	960.38
7.11	960.44
7.12	960.51
7.13	960.58
7.15	960.64
7.16	960.71
7.17	960.78
7.18	960.84
7.19	960.91
7.21	960.97
7.22	961.04
7.23	961.10
7.24	961.17
7.25	961.23
7.27	961.30
7.28	961.36
7.29	961.42
7.30	961.49
7.31	961.55
7.33	961.61
7.34	961.68
7.35	961.74
7.36	961.80
7.37	961.86
7.39	961.93
7.40	961.99
7.41	962.05
7.42	962.11
7.43	962.17
7.45	962.23
7.46	962.30
7.47	962.36
7.48	962.42
7.49	962.48
7.51	962.54
7.52	962.60
7.53	962.66
7.54	962.72
7.55	962.78
7.57	962.84
7.58	962.89
7.59	962.95
7.60	963.01
7.61	963.07
7.63	963.13
7.64	963.19
7.65	963.25
7.66	963.30
7.67	963.36
7.69	963.42
7.70	963.48
7.71	963.53
7.72	963.59
7.73	963.65
7.75	963.70
7.76	963.76
7.77	963.81
7.78	963.87
7.79	963.93
7.81	963.98
7.82	964.04
7.83	964.09
7.84	964.15
7.85	964.20
7.87	964.26
7.88	964.31
7.89	964.37
7.90	964.42
7.91	964.48
7.93	964.53
7.94	964.58
7.95	964.64
7.96	964.69
7.97	964.74
7.99	964.80
8.00	964.85
8.01	964.90
8.02	964.95
8.03	965.01
8.05	965.06
8.06	965.11
8.07	965.16
8.08	965.22
8.09	965.27
8.11	965.32
8.12	965.37
8.13	965.42
8.14	965.47
8.15	965.52
8.17	965.57
8.18	965.63
8.19	965.68
8.20	965.73
8.21	965.78
8.23	965.83
8.24	965.88
8.25	965.93
8.26	965.98
8.27	966.03
8.29	966.07
8.30	966.12
8.31	966.17
8.32	966.22
8.33	966.27
8.35	966.32
8.36	966.37
8.37	966.42
8.38	966.46
8.39	966.51
8.41	966.56
8.42	966.61
8.43	966.66
8.44	966.70
8.45	966.75
8.47	966.80
8.48	966.85
8.49	966.89
8.50	966.94
8.51	966.99
8.53	967.03
8.54	967.08
8.55	967.13
8.56	967.17
8.57	967.22
8.59	967.26
8.60	967.31
8.61	967.36
8.62	967.40
8.63	967.45
8.65	967.49
8.66	967.54
8.67	967.58
8.68	967.63
8.69	967.67
8.71	967.72
8.72	967.76
8.73	967.81
8.74	967.85
8.75	967.89
8.77	967.94
8.78	967.98
8.79	968.03
8.80	968.07
8.81	968.11
8.83	968.16
8.84	968.20
8.85	968.24
8.86	968.29
8.87	968.33
8.89	968.37
8.90	968.41
8.91	968.46
8.92	968.50
8.93	968.54
8.95	968.58
8.96	968.63
8.97	968.67
8.98	968.71
8.99	968.75
9.01	968.79
9.02	968.84
9.03	968.88
9.04	968.92
9.05	968.96
9.07	969.00
9.08	969.04
9.09	969.08
9.10	969.12
9.11	969.17
9.13	969.21
9.14	969.25
9.15	969.29
9.16	969.33
9.17	969.37
9.19	969.41
9.20	969.45
9.21	969.49
9.22	969.53
9.23	969.57
9.25	969.61
9.26	969.65
9.27	969.69
9.28	969.72
9.29	969.76
9.31	969.80
9.32	969.84
9.33	969.88
9.34	969.92
9.35	969.96
9.37	970.00
9.38	970.04
9.39	970.07
9.40	970.11
9.41	970.15
9.43	970.19
9.44	970.23
9.45	970.26
9.46	970.30
9.47	970.34
9.49	970.38
9.50	970.42
9.51	970.45
9.52	970.49
9.53	970.53
9.55	970.56
9.56	970.60
9.57	970.64
9.58	970.68
9.59	970.71
9.61	970.75
9.62	970.79
9.63	970.82
9.64	970.86
9.65	970.89
9.67	970.93
9.68	970.97
9.69	971.00
9.70	971.04
9.71	971.07
9.73	971.11
9.74	971.15
9.75	971.18
9.76	971.22
9.77	971.25
9.79	971.29
9.80	971.32
9.81	971.36
9.82	971.39
9.83	971.43
9.85	971.46
9.86	971.50
9.87	971.53
9.88	971.57
9.89	971.60
9.91	971.64
9.92	971.67
9.93	971.71
9.94	971.74
9.95	971.77
9.97	971.81
9.98	971.84
9.99	971.88
10.00	971.91
10.01	971.94
10.03	971.98
10.04	972.01
10.05	972.04
10.06	972.08
10.07	972.11
10.09	972.14
10.10	972.18
10.11	972.21
10.12	972.24
10.13	972.28
10.15	972.31
10.16	972.34
10.17	972.37
10.18	972.41
10.19	972.44
10.21	972.47
10.22	972.50
10.23	972.54
10.24	972.57
10.25	972.60
10.27	972.63
10.28	972.67
10.29	972.70
10.30	972.73
10.31	972.76
10.33	972.79
10.34	972.82
10.35	972.86
10.36	972.89
10.37	972.92
10.39	972.95
10.40	972.98
10.41	973.01
10.42	973.04
10.43	973.08
10.45	973.11
10.46	973.14
10.47	973.17
10.48	973.20
10.49	973.23
10.51	973.26
10.52	973.29
10.53	973.32
10.54	973.35
10.55	973.38
10.57	973.41
10.58	973.44
10.59	973.47
10.60	973.50
10.61	973.53
10.63	973.56
10.64	973.59
10.65	973.62
10.66	973.65
10.67	973.68
10.69	973.71
10.70	973.74
10.71	973.77
10.72	973.80
10.73	973.83
10.75	973.86
10.76	973.89
10.77	973.92
10.78	973.95
10.79	973.98
10.81	974.00
10.82	974.03
10.83	974.06
10.84	974.09
10.85	974.12
10.87	974.15
10.88	974.18
10.89	974.21
10.90	974.23
10.91	974.26
10.93	974.29
10.94	974.32
10.95	974.35
10.96	974.38
10.97	974.40
10.99	974.43
11.00	974.46
11.01	974.49
11.02	974.51
11.03	974.54
11.05	974.57
11.06	974.60
11.07	974.63
11.08	974.65
11.09	974.68
11.11	974.71
11.12	974.74
11.13	974.76
11.14	974.79
11.15	974.82
11.17	974.84
11.18	974.87
11.19	974.90
11.20	974.93
11.21	974.95
11.23	974.98
11.24	975.01
11.25	975.03
11.26	975.06
11.27	975.09
11.29	975.11
11.30	975.14
11.31	975.17
11.32	975.19
11.33	975.22
11.35	975.24
11.36	975.27
11.37	975.30
11.38	975.32
11.39	975.35
11.41	975.37
11.42	975.40
11.43	975.43
11.44	975.45
11.45	975.48
11.47	975.50
11.48	975.53
11.49	975.56
11.50	975.58
11.51	975.61
11.53	975.63
11.54	975.66
11.55	975.68
11.56	975.71
11.57	975.73
11.59	975.76
11.60	975.78
11.61	975.81
11.62	975.83
11.63	975.86
11.65	975.88
11.66	975.91
11.67	975.93
11.68	975.96
11.69	975.98
11.71	976.01
11.72	976.03
11.73	976.06
11.74	976.08
11.75	976.11
11.77	976.13
11.78	976.15
11.79	976.18
11.80	976.20
11.81	976.23
11.83	976.25
11.84	976.28
11.85	976.30
11.86	976.32
11.87	976.35
11.89	976.37
11.90	976.40
11.91	976.42
11.92	976.44
11.93	976.47
11.95	976.49
11.96	976.51
11.97	976.54
11.98	976.56
11.99	976.58
12.01	976.61
12.02	976.63
12.03	976.65
12.04	976.68
12.05	976.70
12.07	976.72
12.08	976.75
12.09	976.77
12.10	976.79
12.11	976.82
12.13	976.84
12.14	976.86
12.15	976.89
12.16	976.91
12.17	976.93
12.19	976.95
12.20	976.98
12.21	977.00
12.22	977.02
12.23	977.04
12.25	977.07
12.26	977.09
12.27	977.11
12.28	977.13
12.29	977.16
12.31	977.18
12.32	977.20
12.33	977.22
12.34	977.25
12.35	977.27
12.37	977.29
12.38	977.31
12.39	977.33
12.40	977.36
12.41	977.38
12.43	977.40
12.44	977.42
12.45	977.44
12.46	977.47
12.47	977.49
12.49	977.51
12.50	977.53
12.51	977.55
12.52	977.57
12.53	977.60
12.55	977.62
12.56	977.64
12.57	977.66
12.58	977.68
12.59	977.70
12.61	977.72
12.62	977.74
12.63	977.77
12.64	977.79
12.65	977.81
12.67	977.83
12.68	977.85
12.69	977.87
12.70	977.89
12.71	977.91
12.73	977.93
12.74	977.95
12.75	977.98
12.76	978.00
12.77	978.02
12.79	978.04
12.80	978.06
12.81	978.08
12.82	978.10
12.83	978.12
12.85	978.14
12.86	978.16
12.87	978.18
12.88	978.20
12.89	978.22
12.91	978.24
12.92	978.26
12.93	978.28
12.94	978.30
12.95	978.32
12.97	978.34
12.98	978.36
12.99	978.38
13.00	978.40
13.01	978.42
13.03	978.44
13.04	978.46
13.05	978.48
13.06	978.50
13.07	978.52
13.09	978.54
13.10	978.56
13.11	978.58
13.12	978.60
13.13	978.62
13.15	978.64
13.16	978.66
13.17	978.68
13.18	978.70
13.19	978.72
13.21	978.74
13.22	978.76
13.23	978.78
13.24	978.80
13.25	978.81
13.27	978.83
13.28	978.85
13.29	978.87
13.30	978.89
13.31	978.91
13.33	978.93
13.34	978.95
13.35	978.97
13.36	978.99
13.37	979.00
13.39	979.02
13.40	979.04
13.41	979.06
13.42	979.08
13.43	979.10
13.45	979.12
13.46	979.14
13.47	979.15
13.48	979.17
13.49	979.19
13.51	979.21
13.52	979.23
13.53	979.25
13.54	979.27
13.55	979.28
13.57	979.30
13.58	979.32
13.59	979.34
13.60	979.36
13.61	979.38
13.63	979.39
13.64	979.41
13.65	979.43
13.66	979.45
13.67	979.47
13.69	979.48
13.70	979.50
13.71	979.52
13.72	979.54
13.73	979.56
13.75	979.57
13.76	979.59
13.77	979.61
13.78	979.63
13.79	979.65
13.81	979.66
13.82	979.68
13.83	979.70
13.84	979.72
13.85	979.73
13.87	979.75
13.88	979.77
13.89	979.79
13.90	979.80
13.91	979.82
13.93	979.84
13.94	979.86
13.95	979.87
13.96	979.89
13.97	979.91
13.99	979.93
14.00	979.94
14.01	979.96
14.02	979.98
14.03	979.99
14.05	980.01
14.06	980.03
14.07	980.05
14.08	980.06
14.09	980.08
14.11	980.10
14.12	980.11
14.13	980.13
14.14	980.15
14.15	980.16
14.17	980.18
14.18	980.20
14.19	980.21
14.20	980.23
14.21	980.25
14.23	980.26
14.24	980.28
14.25	980.30
14.26	980.31
14.27	980.33
14.29	980.35
14.30	980.36
14.31	980.38
14.32	980.40
14.33	980.41
14.35	980.43
14.36	980.45
14.37	980.46
14.38	980.48
14.39	980.50
14.41	980.51
14.42	980.53
14.43	980.54
14.44	980.56
14.45	980.58
14.47	980.59
14.48	980.61
14.49	980.62
14.50	980.64
14.51	980.66
14.53	980.67
14.54	980.69
14.55	980.70
14.56	980.72
14.57	980.74
14.59	980.75
14.60	980.77
14.61	980.78
14.62	980.80
14.63	980.82
14.65	980.83
14.66	980.85
14.67	980.86
14.68	980.88
14.69	980.89
14.71	980.91
14.72	980.93
14.73	980.94
14.74	980.96
14.75	980.97
14.77	980.99
14.78	981.00
14.79	981.02
14.80	981.03
14.81	981.05
14.83	981.06
14.84	981.08
14.85	981.10
14.86	981.11
14.87	981.13
14.89	981.14
14.90	981.16
14.91	981.17
14.92	981.19
14.93	981.20
14.95	981.22
14.96	981.23
14.97	981.25
14.98	981.26
14.99	981.28
15.01	981.29
15.02	981.31
15.03	981.32
15.04	981.34
15.05	981.35
15.07	981.37
15.08	981.38
15.09	981.40
15.10	981.41
15.11	981.43
15.13	981.44
15.14	981.46
15.15	981.47
15.16	981.48
15.17	981.50
15.19	981.51
15.20	981.53
15.21	981.54
15.22	981.56
15.23	981.57
15.25	981.59
15.26	981.60
15.27	981.62
15.28	981.63
15.29	981.64
15.31	981.66
15.32	981.67
15.33	981.69
15.34	981.70
15.35	981.72
15.37	981.73
15.38	981.75
15.39	981.76
15.40	981.77
15.41	981.79
15.43	981.80
15.44	981.82
15.45	981.83
15.46	981.84
15.47	981.86
15.49	981.87
15.50	981.89
15.51	981.90
15.52	981.91
15.53	981.93
15.55	981.94
15.56	981.96
15.57	981.97
15.58	981.98
15.59	982.00
15.61	982.01
15.62	982.03
15.63	982.04
15.64	982.05
15.65	982.07
15.67	982.08
15.68	982.10
15.69	982.11
15.70	982.12
15.71	982.14
15.73	982.15
15.74	982.16
15.75	982.18
15.76	982.19
15.77	982.20
15.79	982.22
15.80	982.23
15.81	982.24
15.82	982.26
15.83	982.27
15.85	982.29
15.86	982.30
15.87	982.31
15.88	982.33
15.89	982.34
15.91	982.35
15.92	982.37
15.93	982.38
15.94	982.39
15.95	982.41
15.97	982.42
15.98	982.43
15.99	982.45
16.00	982.46
16.01	982.47
16.03	982.48
16.04	982.50
16.05	982.51
16.06	982.52
16.07	982.54
16.09	982.55
16.10	982.56
16.11	982.58
16.12	982.59
16.13	982.60
16.15	982.61
16.16	982.63
16.17	982.64
16.18	982.65
16.19	982.67
16.21	982.68
16.22	982.69
16.23	982.71
16.24	982.72
16.25	982.73
16.27	982.74
16.28	982.76
16.29	982.77
16.30	982.78
16.31	982.79
16.33	982.81
16.34	982.82
16.35	982.83
16.36	982.84
16.37	982.86
16.39	982.87
16.40	982.88
16.41	982.90
16.42	982.91
16.43	982.92
16.45	982.93
16.46	982.95
16.47	982.96
16.48	982.97
16.49	982.98
16.51	982.99
16.52	983.01
16.53	983.02
16.54	983.03
16.55	983.04
16.57	983.06
16.58	983.07
16.59	983.08
16.60	983.09
16.61	983.11
16.63	983.12
16.64	983.13
16.65	983.14
16.66	983.15
16.67	983.17
16.69	983.18
16.70	983.19
16.71	983.20
16.72	983.21
16.73	983.23
16.75	983.24
16.76	983.25
16.77	983.26
16.78	983.27
16.79	983.29
16.81	983.30
16.82	983.31
16.83	983.32
16.84	983.33
16.85	983.35
16.87	983.36
16.88	983.37
16.89	983.38
16.90	983.39
16.91	983.41
16.93	983.42
16.94	983.43
16.95	983.44
16.96	983.45
16.97	983.46
16.99	983.48
17.00	983.49
17.01	983.50
17.02	983.51
17.03	983.52
17.05	983.53
17.06	983.55
17.07	983.56
17.08	983.57
17.09	983.58
17.11	983.59
17.12	983.60
17.13	983.62
17.14	983.63
17.15	983.64
17.17	983.65
17.18	983.66
17.19	983.67
17.20	983.68
17.21	983.70
17.23	983.71
17.24	983.72
17.25	983.73
17.26	983.74
17.27	983.75
17.29	983.76
17.30	983.77
17.31	983.79
17.32	983.80
17.33	983.81
17.35	983.82
17.36	983.83
17.37	983.84
17.38	983.85
17.39	983.86
17.41	983.88
17.42	983.89
17.43	983.90
17.44	983.91
17.45	983.92
17.47	983.93
17.48	983.94
17.49	983.95
17.50	983.96
17.51	983.97
17.53	983.99
17.54	984.00
17.55	984.01
17.56	984.02
17.57	984.03
17.59	984.04
17.60	984.05
17.61	984.06
17.62	984.07
17.63	984.08
17.65	984.09
17.66	984.11
17.67	984.12
17.68	984.13
17.69	984.14
17.71	984.15
17.72	984.16
17.73	984.17
17.74	984.18
17.75	984.19
17.77	984.20
17.78	984.21
17.79	984.22
17.80	984.23
17.81	984.25
17.83	984.26
17.84	984.27
17.85	984.28
17.86	984.29
17.87	984.30
17.89	984.31
17.90	984.32
17.91	984.33
17.92	984.34
17.93	984.35
17.95	984.36
17.96	984.37
17.97	984.38
17.98	984.39
17.99	984.40
18.01	984.41
18.02	984.42
18.03	984.43
18.04	984.44
18.05	984.45
18.07	984.47
18.08	984.48
18.09	984.49
18.10	984.50
18.11	984.51
18.13	984.52
18.14	984.53
18.15	984.54
18.16	984.55
18.17	984.56
18.19	984.57
18.20	984.58
18.21	984.59
18.22	984.60
18.23	984.61
18.25	984.62
18.26	984.63
18.27	984.64
18.28	984.65
18.29	984.66
18.31	984.67
18.32	984.68
18.33	984.69
18.34	984.70
18.35	984.71
18.37	984.72
18.38	984.73
18.39	984.74
18.40	984.75
18.41	984.76
18.43	984.77
18.44	984.78
18.45	984.79
18.46	984.80
18.47	984.81
18.49	984.82
18.50	984.83
18.51	984.84
18.52	984.85
18.53	984.86
18.55	984.87
18.56	984.88
18.57	984.89
18.58	984.90
18.59	984.91
18.61	984.92
18.62	984.93
18.63	984.94
18.64	984.95
18.65	984.96
18.67	984.97
18.68	984.97
18.69	984.98
18.70	984.99
18.71	985.00
18.73	985.01
18.74	985.02
18.75	985.03
18.76	985.04
18.77	985.05
18.79	985.06
18.80	985.07
18.81	985.08
18.82	985.09
18.83	985.10
18.85	985.11
18.86	985.12
18.87	985.13
18.88	985.14
18.89	985.15
18.91	985.16
18.92	985.17
18.93	985.18
18.94	985.18
18.95	985.19
18.97	985.20
18.98	985.21
18.99	985.22
19.00	985.23
19.01	985.24
19.03	985.25
19.04	985.26
19.05	985.27
19.06	985.28
19.07	985.29
19.09	985.30
19.10	985.31
19.11	985.31
19.12	985.32
19.13	985.33
19.15	985.34
19.16	985.35
19.17	985.36
19.18	985.37
19.19	985.38
19.21	985.39
19.22	985.40
19.23	985.41
19.24	985.42
19.25	985.42
19.27	985.43
19.28	985.44
19.29	985.45
19.30	985.46
19.31	985.47
19.33	985.48
19.34	985.49
19.35	985.50
19.36	985.51
19.37	985.52
19.39	985.52
19.40	985.53
19.41	985.54
19.42	985.55
19.43	985.56
19.45	985.57
19.46	985.58
19.47	985.59
19.48	985.60
19.49	985.60
19.51	985.61
19.52	985.62
19.53	985.63
19.54	985.64
19.55	985.65
19.57	985.66
19.58	985.67
19.59	985.68
19.60	985.68
19.61	985.69
19.63	985.70
19.64	985.71
19.65	985.72
19.66	985.73
19.67	985.74
19.69	985.75
19.70	985.75
19.71	985.76
19.72	985.77
19.73	985.78
19.75	985.79
19.76	985.80
19.77	985.81
19.78	985.81
19.79	985.82
19.81	985.83
19.82	985.84
19.83	985.85
19.84	985.86
19.85	985.87
19.87	985.87
19.88	985.88
19.89	985.89
19.90	985.90
19.91	985.91
19.93	985.92
19.94	985.93
19.95	985.93
19.96	985.94
19.97	985.95
19.99	985.96
20.00	985.97
20.01	985.98
20.02	985.98
20.03	985.99
20.05	986.00
20.06	986.01
20.07	986.02
20.08	986.03
20.09	986.03
20.11	986.04
20.12	986.05
20.13	986.06
20.14	986.07
20.15	986.08
20.17	986.08
20.18	986.09
20.19	986.10
20.20	986.11
20.21	986.12
20.23	986.13
20.24	986.13
20.25	986.14
20.26	986.15
20.27	986.16
20.29	986.17
20.30	986.18
20.31	986.18
20.32	986.19
20.33	986.20
20.35	986.21
20.36	986.22
20.37	986.22
20.38	986.23
20.39	986.24
20.41	986.25
20.42	986.26
20.43	986.26
20.44	986.27
20.45	986.28
20.47	986.29
20.48	986.30
20.49	986.31
20.50	986.31
20.51	986.32
20.53	986.33
20.54	986.34
20.55	986.35
20.56	986.35
20.57	986.36
20.59	986.37
20.60	986.38
20.61	986.38
20.62	986.39
20.63	986.40
20.65	986.41
20.66	986.42
20.67	986.42
20.68	986.43
20.69	986.44
20.71	986.45
20.72	986.46
20.73	986.46
20.74	986.47
20.75	986.48
20.77	986.49
20.78	986.50
20.79	986.50
20.80	986.51
20.81	986.52
20.83	986.53
20.84	986.53
20.85	986.54
20.86	986.55
20.87	986.56
20.89	986.57
20.90	986.57
20.91	986.58
20.92	986.59
20.93	986.60
20.95	986.60
20.96	986.61
20.97	986.62
20.98	986.63
20.99	986.63
21.01	986.64
21.02	986.65
21.03	986.66
21.04	986.66
21.05	986.67
21.07	986.68
21.08	986.69
21.09	986.70
21.10	986.70
21.11	986.71
21.13	986.72
21.14	986.73
21.15	986.73
21.16	986.74
21.17	986.75
21.19	986.76
21.20	986.76
21.21	986.77
21.22	986.78
21.23	986.79
21.25	986.79
21.26	986.80
21.27	986.81
21.28	986.82
21.29	986.82
21.31	986.83
21.32	986.84
21.33	986.85
21.34	986.85
21.35	986.86
21.37	986.87
21.38	986.87
21.39	986.88
21.40	986.89
21.41	986.90
21.43	986.90
21.44	986.91
21.45	986.92
21.46	986.93
21.47	986.93
21.49	986.94
21.50	986.95
21.51	986.96
21.52	986.96
21.53	986.97
21.55	986.98
21.56	986.98
21.57	986.99
21.58	987.00
21.59	987.01
21.61	987.01
21.62	987.02
21.63	987.03
21.64	987.03
21.65	987.04
21.67	987.05
21.68	987.06
21.69	987.06
21.70	987.07
21.71	987.08
21.73	987.09
21.74	987.09
21.75	987.10
21.76	987.11
21.77	987.11
21.79	987.12
21.80	987.13
21.81	987.13
21.82	987.14
21.83	987.15
21.85	987.16
21.86	987.16
21.87	987.17
21.88	987.18
21.89	987.18
21.91	987.19
21.92	987.20
21.93	987.21
21.94	987.21
21.95	987.22
21.97	987.23
21.98	987.23
21.99	987.24
22.00	987.25
22.01	987.25
22.03	987.26
22.04	987.27
22.05	987.28
22.06	987.28
22.07	987.29
22.09	987.30
22.10	987.30
22.11	987.31
22.12	987.32
22.13	987.32
22.15	987.33
22.16	987.34
22.17	987.34
22.18	987.35
22.19	987.36
22.21	987.36
22.22	987.37
22.23	987.38
22.24	987.39
22.25	987.39
22.27	987.40
22.28	987.41
22.29	987.41
22.30	987.42
22.31	987.43
22.33	987.43
22.34	987.44
22.35	987.45
22.36	987.45
22.37	987.46
22.39	987.47
22.40	987.47
22.41	987.48
22.42	987.49
22.43	987.49
22.45	987.50
22.46	987.51
22.47	987.51
22.48	987.52
22.49	987.53
22.51	987.53
22.52	987.54
22.53	987.55
22.54	987.55
22.55	987.56
22.57	987.57
22.58	987.57
22.59	987.58
22.60	987.59
22.61	987.59
22.63	987.60
22.64	987.61
22.65	987.61
22.66	987.62
22.67	987.63
22.69	987.63
22.70	987.64
22.71	987.65
22.72	987.65
22.73	987.66
22.75	987.66
22.76	987.67
22.77	987.68
22.78	987.68
22.79	987.69
22.81	987.70
22.82	987.70
22.83	987.71
22.84	987.72
22.85	987.72
22.87	987.73
22.88	987.74
22.89	987.74
22.90	987.75
22.91	987.76
22.93	987.76
22.94	987.77
22.95	987.77
22.96	987.78
22.97	987.79
22.99	987.79
23.00	987.80
23.01	987.81
23.02	987.81
23.03	987.82
23.05	987.83
23.06	987.83
23.07	987.84
23.08	987.84
23.09	987.85
23.11	987.86
23.12	987.86
23.13	987.87
23.14	987.88
23.15	987.88
23.17	987.89
23.18	987.90
23.19	987.90
23.20	987.91
23.21	987.91
23.23	987.92
23.24	987.93
23.25	987.93
23.26	987.94
23.27	987.95
23.29	987.95
23.30	987.96
23.31	987.96
23.32	987.97
23.33	987.98
23.35	987.98
23.36	987.99
23.37	987.99
23.38	988.00
23.39	988.01
23.41	988.01
23.42	988.02
23.43	988.03
23.44	988.03
23.45	988.04
23.47	988.04
23.48	988.05
23.49	988.06
23.50	988.06
23.51	988.07
23.53	988.07
23.54	988.08
23.55	988.09
23.56	988.09
23.57	988.10
23.59	988.10
23.60	988.11
23.61	988.12
23.62	988.12
23.63	988.13
23.65	988.13
23.66	988.14
23.67	988.15
23.68	988.15
23.69	988.16
23.71	988.16
23.72	988.17
23.73	988.18
23.74	988.18
23.75	988.19
23.77	988.19
23.78	988.20
23.79	988.21
23.80	988.21
23.81	988.22
23.83	988.22
23.84	988.23
23.85	988.24
23.86	988.24
23.87	988.25
23.89	988.25
23.90	988.26
23.91	988.27
23.92	988.27
23.93	988.28
23.95	988.28
23.96	988.29
23.97	988.30
23.98	988.30
23.99	988.31
24.01	988.31
24.02	988.32
24.03	988.32
24.04	988.33
24.05	988.34
24.07	988.34
24.08	988.35
24.09	988.35
24.10	988.36
24.11	988.37
24.13	988.37
24.14	988.38
24.15	988.38
24.16	988.39
24.17	988.39
24.19	988.40
24.20	988.41
24.21	988.41
24.22	988.42
24.23	988.42
24.25	988.43
24.26	988.43
24.27	988.44
24.28	988.45
24.29	988.45
24.31	988.46
24.32	988.46
24.33	988.47
24.34	988.47
24.35	988.48
24.37	988.49
24.38	988.49
24.39	988.50
24.40	988.50
24.41	988.51
24.43	988.51
24.44	988.52
24.45	988.53
24.46	988.53
24.47	988.54
24.49	988.54
24.50	988.55
24.51	988.55
24.52	988.56
24.53	988.56
24.55	988.57
24.56	988.58
24.57	988.58
24.58	988.59
24.59	988.59
24.61	988.60
24.62	988.60
24.63	988.61
24.64	988.61
24.65	988.62
24.67	988.63
24.68	988.63
24.69	988.64
24.70	988.64
24.71	988.65
24.73	988.65
24.74	988.66
24.75	988.66
24.76	988.67
24.77	988.68
24.79	988.68
24.80	988.69
24.81	988.69
24.82	988.70
24.83	988.70
24.85	988.71
24.86	988.71
24.87	988.72
24.88	988.72
24.89	988.73
24.91	988.74
24.92	988.74
24.93	988.75
24.94	988.75
24.95	988.76
24.97	988.76
24.98	988.77
24.99	988.77
25.00	988.78
25.01	988.78
25.03	988.79
25.04	988.80
25.05	988.80
25.06	988.81
25.07	988.81
25.09	988.82
25.10	988.82
25.11	988.83
25.12	988.83
25.13	988.84
25.15	988.84
25.16	988.85
25.17	988.85
25.18	988.86
25.19	988.86
25.21	988.87
25.22	988.88
25.23	988.88
25.24	988.89
25.25	988.89
25.27	988.90
25.28	988.90
25.29	988.91
25.30	988.91
25.31	988.92
25.33	988.92
25.34	988.93
25.35	988.93
25.36	988.94
25.37	988.94
25.39	988.95
25.40	988.95
25.41	988.96
25.42	988.96
25.43	988.97
25.45	988.97
25.46	988.98
25.47	988.99
25.48	988.99
25.49	989.00
25.51	989.00
25.52	989.01
25.53	989.01
25.54	989.02
25.55	989.02
25.57	989.03
25.58	989.03
25.59	989.04
25.60	989.04
25.61	989.05
25.63	989.05
25.64	989.06
25.65	989.06
25.66	989.07
25.67	989.07
25.69	989.08
25.70	989.08
25.71	989.09
25.72	989.09
25.73	989.10
25.75	989.10
25.76	989.11
25.77	989.11
25.78	989.12
25.79	989.12
25.81	989.13
25.82	989.13
25.83	989.14
25.84	989.14
25.85	989.15
25.87	989.15
25.88	989.16
25.89	989.16
25.90	989.17
25.91	989.17
25.93	989.18
25.94	989.18
25.95	989.19
25.96	989.19
25.97	989.20
25.99	989.20
26.00	989.21
26.01	989.21
26.02	989.22
26.03	989.22
26.05	989.23
26.06	989.23
26.07	989.24
26.08	989.24
26.09	989.25
26.11	989.25
26.12	989.26
26.13	989.26
26.14	989.27
26.15	989.27
26.17	989.28
26.18	989.28
26.19	989.29
26.20	989.29
26.21	989.30
26.23	989.30
26.24	989.31
26.25	989.31
26.26	989.32
26.27	989.32
26.29	989.33
26.30	989.33
26.31	989.34
26.32	989.34
26.33	989.35
26.35	989.35
26.36	989.36
26.37	989.36
26.38	989.37
26.39	989.37
26.41	989.38
26.42	989.38
26.43	989.39
26.44	989.39
26.45	989.40
26.47	989.40
26.48	989.41
26.49	989.41
26.50	989.41
26.51	989.42
26.53	989.42
26.54	989.43
26.55	989.43
26.56	989.44
26.57	989.44
26.59	989.45
26.60	989.45
26.61	989.46
26.62	989.46
26.63	989.47
26.65	989.47
26.66	989.48
26.67	989.48
26.68	989.49
26.69	989.49
26.71	989.50
26.72	989.50
26.73	989.51
26.74	989.51
26.75	989.51
26.77	989.52
26.78	989.52
26.79	989.53
26.80	989.53
26.81	989.54
26.83	989.54
26.84	989.55
26.85	989.55
26.86	989.56
26.87	989.56
26.89	989.57
26.90	989.57
26.91	989.58
26.92	989.58
26.93	989.58
26.95	989.59
26.96	989.59
26.97	989.60
26.98	989.60
26.99	989.61
27.01	989.61
27.02	989.62
27.03	989.62
27.04	989.63
27.05	989.63
27.07	989.64
27.08	989.64
27.09	989.64
27.10	989.65
27.11	989.65
27.13	989.66
27.14	989.66
27.15	989.67
27.16	989.67
27.17	989.68
27.19	989.68
27.20	989.69
27.21	989.69
27.22	989.69
27.23	989.70
27.25	989.70
27.26	989.71
27.27	989.71
27.28	989.72
27.29	989.72
27.31	989.73
27.32	989.73
27.33	989.74
27.34	989.74
27.35	989.74
27.37	989.75
27.38	989.75
27.39	989.76
27.40	989.76
27.41	989.77
27.43	989.77
27.44	989.78
27.45	989.78
27.46	989.79
27.47	989.79
27.49	989.79
27.50	989.80
27.51	989.80
27.52	989.81
27.53	989.81
27.55	989.82
27.56	989.82
27.57	989.83
27.58	989.83
27.59	989.83
27.61	989.84
27.62	989.84
27.63	989.85
27.64	989.85
27.65	989.86
27.67	989.86
27.68	989.86
27.69	989.87
27.70	989.87
27.71	989.88
27.73	989.88
27.74	989.89
27.75	989.89
27.76	989.90
27.77	989.90
27.79	989.90
27.80	989.91
27.81	989.91
27.82	989.92
27.83	989.92
27.85	989.93
27.86	989.93
27.87	989.93
27.88	989.94
27.89	989.94
27.91	989.95
27.92	989.95
27.93	989.96
27.94	989.96
27.95	989.97
27.97	989.97
27.98	989.97
27.99	989.98
28.00	989.98
28.01	989.99
28.03	989.99
28.04	990.00
28.05	990.00
28.06	990.00
28.07	990.01
28.09	990.01
28.10	990.02
28.11	990.02
28.12	990.03
28.13	990.03
28.15	990.03
28.16	990.04
28.17	990.04
28.18	990.05
28.19	990.05
28.21	990.05
28.22	990.06
28.23	990.06
28.24	990.07
28.25	990.07
28.27	990.08
28.28	990.08
28.29	990.08
28.30	990.09
28.31	990.09
28.33	990.10
28.34	990.10
28.35	990.11
28.36	990.11
28.37	990.11
28.39	990.12
28.40	990.12
28.41	990.13
28.42	990.13
28.43	990.13
28.45	990.14
28.46	990.14
28.47	990.15
28.48	990.15
28.49	990.16
28.51	990.16
28.52	990.16
28.53	990.17
28.54	990.17
28.55	990.18
28.57	990.18
28.58	990.18
28.59	990.19
28.60	990.19
28.61	990.20
28.63	990.20
28.64	990.20
28.65	990.21
28.66	990.21
28.67	990.22
28.69	990.22
28.70	990.23
28.71	990.23
28.72	990.23
28.73	990.24
28.75	990.24
28.76	990.25
28.77	990.25
28.78	990.25
28.79	990.26
28.81	990.26
28.82	990.27
28.83	990.27
28.84	990.27
28.85	990.28
28.87	990.28
28.88	990.29
28.89	990.29
28.90	990.29
28.91	990.30
28.93	990.30
28.94	990.31
28.95	990.31
28.96	990.31
28.97	990.32
28.99	990.32
29.00	990.33
29.01	990.33
29.02	990.33
29.03	990.34
29.05	990.34
29.06	990.35
29.07	990.35
29.08	990.35
29.09	990.36
29.11	990.36
29.12	990.37
29.13	990.37
29.14	990.37
29.15	990.38
29.17	990.38
29.18	990.39
29.19	990.39
29.20	990.39
29.21	990.40
29.23	990.40
29.24	990.41
29.25	990.41
29.26	990.41
29.27	990.42
29.29	990.42
29.30	990.43
29.31	990.43
29.32	990.43
29.33	990.44
29.35	990.44
29.36	990.45
29.37	990.45
29.38	990.45
29.39	990.46
29.41	990.46
29.42	990.46
29.43	990.47
29.44	990.47
29.45	990.48
29.47	990.48
29.48	990.48
29.49	990.49
29.50	990.49
29.51	990.50
29.53	990.50
29.54	990.50
29.55	990.51
29.56	990.51
29.57	990.52
29.59	990.52
29.60	990.52
29.61	990.53
29.62	990.53
29.63	990.53
29.65	990.54
29.66	990.54
29.67	990.55
29.68	990.55
29.69	990.55
29.71	990.56
29.72	990.56
29.73	990.56
29.74	990.57
29.75	990.57
29.77	990.58
29.78	990.58
29.79	990.58
29.80	990.59
29.81	990.59
29.83	990.60
29.84	990.60
29.85	990.60
29.86	990.61
29.87	990.61
29.89	990.61
29.90	990.62
29.91	990.62
29.92	990.63
29.93	990.63
29.95	990.63
29.96	990.64
29.97	990.64
29.98	990.64
29.99	990.65
30.01	990.65
30.02	990.66
30.03	990.66
30.04	990.66
30.05	990.67
30.07	990.67
30.08	990.67
30.09	990.68
30.10	990.68
30.11	990.69
30.13	990.69
30.14	990.69
30.15	990.70
30.16	990.70
30.17	990.70
30.19	990.71
30.20	990.71
30.21	990.71
30.22	990.72
30.23	990.72
30.25	990.73
30.26	990.73
30.27	990.73
30.28	990.74
30.29	990.74
30.31	990.74
30.32	990.75
30.33	990.75
30.34	990.76
30.35	990.76
30.37	990.76
30.38	990.77
30.39	990.77
30.40	990.77
30.41	990.78
30.43	990.78
30.44	990.78
30.45	990.79
30.46	990.79
30.47	990.80
30.49	990.80
30.50	990.80
30.51	990.81
30.52	990.81
30.53	990.81
30.55	990.82
30.56	990.82
30.57	990.82
30.58	990.83
30.59	990.83
30.61	990.84
30.62	990.84
30.63	990.84
30.64	990.85
30.65	990.85
30.67	990.85
30.68	990.86
30.69	990.86
30.70	990.86
30.71	990.87
30.73	990.87
30.74	990.87
30.75	990.88
30.76	990.88
30.77	990.89
30.79	990.89
30.80	990.89
30.81	990.90
30.82	990.90
30.83	990.90
30.85	990.91
30.86	990.91
30.87	990.91
30.88	990.92
30.89	990.92
30.91	990.92
30.92	990.93
30.93	990.93
30.94	990.93
30.95	990.94
30.97	990.94
30.98	990.95
30.99	990.95
31.00	990.95
31.01	990.96
31.03	990.96
31.04	990.96
31.05	990.97
31.06	990.97
31.07	990.97
31.09	990.98
31.10	990.98
31.11	990.98
31.12	990.99
31.13	990.99
31.15	990.99
31.16	991.00
31.17	991.00
31.18	991.00
31.19	991.01
31.21	991.01
31.22	991.02
31.23	991.02
31.24	991.02
31.25	991.03
31.27	991.03
31.28	991.03
31.29	991.04
31.30	991.04
31.31	991.04
31.33	991.05
31.34	991.05
31.35	991.05
31.36	991.06
31.37	991.06
31.39	991.06
31.40	991.07
31.41	991.07
31.42	991.07
31.43	991.08
31.45	991.08
31.46	991.08
31.47	991.09
31.48	991.09
31.49	991.09
31.51	991.10
31.52	991.10
31.53	991.10
31.54	991.11
31.55	991.11
31.57	991.11
31.58	991.12
31.59	991.12
31.60	991.12
31.61	991.13
31.63	991.13
31.64	991.13
31.65	991.14
31.66	991.14
31.67	991.14
31.69	991.15
31.70	991.15
31.71	991.15
31.72	991.16
31.73	991.16
31.75	991.16
31.76	991.17
31.77	991.17
31.78	991.17
31.79	991.18
31.81	991.18
31.82	991.18
31.83	991.19
31.84	991.19
31.85	991.19
31.87	991.20
31.88	991.20
31.89	991.20
31.90	991.21
31.91	991.21
31.93	991.21
31.94	991.22
31.95	991.22
31.96	991.22
31.97	991.23
31.99	991.23
32.00	991.23
32.01	991.24
32.02	991.24
32.03	991.24
32.05	991.25
32.06	991.25
32.07	991.25
32.08	991.26
32.09	991.26
32.11	991.26
32.12	991.27
32.13	991.27
32.14	991.27
32.14	991.63
32.16	991.28
32.17	991.28
32.18	991.28
32.19	991.29
32.20	991.29
32.22	991.29
32.23	991.30
32.24	991.30
32.25	991.30
32.26	991.31
32.28	991.31
32.29	991.31
32.30	991.32
32.31	991.32
32.32	991.32
32.34	991.33
32.35	991.33
32.36	991.33
32.37	991.34
32.38	991.34
32.40	991.34
32.41	991.34
32.42	991.35
32.43	991.35
32.44	991.35
32.46	991.36
32.47	991.36
32.48	991.36
32.49	991.37
32.50	991.37
32.52	991.37
32.53	991.38
32.54	991.38
32.55	991.38
32.56	991.39
32.58	991.39
32.59	991.39
32.60	991.40
32.61	991.40
32.62	991.40
32.64	991.41
32.65	991.41
32.66	991.41
32.67	991.41
32.68	991.42
32.70	991.42
32.71	991.42
32.72	991.43
32.73	991.43
32.74	991.43
32.76	991.44
32.77	991.44
32.78	991.44
32.79	991.45
32.80	991.45
32.82	991.45
32.83	991.46
32.84	991.46
32.85	991.46
32.86	991.46
32.88	991.47
32.89	991.47
32.90	991.47
32.91	991.48
32.92	991.48
32.94	991.48
32.95	991.49
32.96	991.49
32.97	991.49
32.98	991.50
33.00	991.50
33.01	991.50
33.02	991.51
33.03	991.51
33.04	991.51
33.06	991.51
33.07	991.52
33.08	991.52
33.09	991.52
33.10	991.53
33.12	991.53
33.13	991.53
33.14	991.54
33.15	991.54
33.16	991.54
33.18	991.55
33.19	991.55
33.20	991.55
33.21	991.55
33.22	991.56
33.24	991.56
33.25	991.56
33.26	991.57
33.27	991.57
33.28	991.57
33.30	991.58
33.31	991.58
33.32	991.58
33.33	991.58
33.34	991.59
33.36	991.59
33.37	991.59
33.38	991.60
33.39	991.60
33.40	991.60
33.42	991.61
33.43	991.61
33.44	991.61
33.45	991.62
33.46	991.62
33.48	991.62
33.49	991.62
33.50	991.63
33.51	991.63
33.52	991.63
33.54	991.64
33.55	991.64
33.56	991.64
33.57	991.65
33.58	991.65
33.60	991.65
33.61	991.65
33.62	991.66
33.63	991.66
33.64	991.66
33.66	991.67
33.67	991.67
33.68	991.67
33.69	991.67
33.70	991.68
33.72	991.68
33.73	991.68
33.74	991.69
33.75	991.69
33.76	991.69
33.78	991.70
33.79	991.70
33.80	991.70
33.81	991.70
33.82	991.71
33.84	991.71
33.85	991.71
33.86	991.72
33.87	991.72
33.88	991.72
33.90	991.73
33.91	991.73
33.92	991.73
33.93	991.73
33.94	991.74
33.96	991.74
33.97	991.74
33.98	991.75
33.99	991.75
34.00	991.75
34.02	991.75
34.03	991.76
34.04	991.76
34.05	991.76
34.06	991.77
34.08	991.77
34.09	991.77
34.10	991.77
34.11	991.78
34.12	991.78
34.14	991.78
34.15	991.79
34.16	991.79
34.17	991.79
34.18	991.79
34.20	991.80
34.21	991.80
34.22	991.80
34.23	991.81
34.24	991.81
34.26	991.81
34.27	991.81
34.28	991.82
34.29	991.82
34.30	991.82
34.32	991.83
34.33	991.83
34.34	991.83
34.35	991.83
34.36	991.84
34.38	991.84
34.39	991.84
34.40	991.85
34.41	991.85
34.42	991.85
34.44	991.85
34.45	991.86
34.46	991.86
34.47	991.86
34.48	991.87
34.50	991.87
34.51	991.87
34.52	991.87
34.53	991.88
34.54	991.88
34.56	991.88
34.57	991.89
34.58	991.89
34.59	991.89
34.60	991.89
34.62	991.90
34.63	991.90
34.64	991.90
34.65	991.91
34.66	991.91
34.68	991.91
34.69	991.91
34.70	991.92
34.71	991.92
34.72	991.92
34.74	991.93
34.75	991.93
34.76	991.93
34.77	991.93
34.78	991.94
34.80	991.94
34.81	991.94
34.82	991.94
34.83	991.95
34.84	991.95
34.86	991.95
34.87	991.96
34.88	991.96
34.89	991.96
34.90	991.96
34.92	991.97
34.93	991.97
34.94	991.97
34.95	991.98
34.96	991.98
34.98	991.98
34.99	991.98
35.00	991.99
35.01	991.99
35.02	991.99
35.04	991.99
35.05	992.00
35.06	992.00
35.07	992.00
35.08	992.01
35.10	992.01
35.11	992.01
35.12	992.01
35.13	992.02
35.14	992.02
35.16	992.02
35.17	992.02
35.18	992.03
35.19	992.03
35.20	992.03
35.22	992.04
35.23	992.04
35.24	992.04
35.25	992.04
35.26	992.05
35.28	992.05
35.29	992.05
35.30	992.05
35.31	992.06
35.32	992.06
35.34	992.06
35.35	992.07
35.36	992.07
35.37	992.07
35.38	992.07
35.40	992.08
35.41	992.08
35.42	992.08
35.43	992.08
35.44	992.09
35.46	992.09
35.47	992.09
35.48	992.09
35.49	992.10
35.50	992.10
35.52	992.10
35.53	992.11
35.54	992.11
35.55	992.11
35.56	992.11
35.58	992.12
35.59	992.12
35.60	992.12
35.61	992.12
35.62	992.13
35.64	992.13
35.65	992.13
35.66	992.13
35.67	992.14
35.68	992.14
35.70	992.14
35.71	992.15
35.72	992.15
35.73	992.15
35.74	992.15
35.76	992.16
35.77	992.16
35.78	992.16
35.79	992.16
35.80	992.17
35.82	992.17
35.83	992.17
35.84	992.17
35.85	992.18
35.86	992.18
35.88	992.18
35.89	992.18
35.90	992.19
35.91	992.19
35.92	992.19
35.94	992.20
35.95	992.20
35.96	992.20
35.97	992.20
35.98	992.21
36.00	992.21
36.01	992.21
36.02	992.21
36.03	992.22
36.04	992.22
36.06	992.22
36.07	992.22
36.08	992.23
36.09	992.23
36.10	992.23
36.12	992.23
36.13	992.24
36.14	992.24
36.15	992.24
36.16	992.24
36.18	992.25
36.19	992.25
36.20	992.25
36.21	992.25
36.22	992.26
36.24	992.26
36.25	992.26
36.26	992.26
36.27	992.27
36.28	992.27
36.30	992.27
36.31	992.28
36.32	992.28
36.33	992.28
36.34	992.28
36.36	992.29
36.37	992.29
36.38	992.29
36.39	992.29
36.40	992.30
36.42	992.30
36.43	992.30
36.44	992.30
36.45	992.31
36.46	992.31
36.48	992.31
36.49	992.31
36.50	992.32
36.51	992.32
36.52	992.32
36.54	992.32
36.55	992.33
36.56	992.33
36.57	992.33
36.58	992.33
36.60	992.34
36.61	992.34
36.62	992.34
36.63	992.34
36.64	992.35
36.66	992.35
36.67	992.35
36.68	992.35
36.69	992.36
36.70	992.36
36.72	992.36
36.73	992.36
36.74	992.37
36.75	992.37
36.76	992.37
36.78	992.37
36.79	992.38
36.80	992.38
36.81	992.38
36.82	992.38
36.84	992.39
36.85	992.39
36.86	992.39
36.87	992.39
36.88	992.40
36.90	992.40
36.91	992.40
36.92	992.40
36.93	992.41
36.94	992.41
36.96	992.41
36.97	992.41
36.98	992.42
36.99	992.42
37.00	992.42
37.02	992.42
37.03	992.43
37.04	992.43
37.05	992.43
37.06	992.43
37.08	992.44
37.09	992.44
37.10	992.44
37.11	992.44
37.12	992.45
37.14	992.45
37.15	992.45
37.16	992.45
37.17	992.45
37.18	992.46
37.20	992.46
37.21	992.46
37.22	992.46
37.23	992.47
37.24	992.47
37.26	992.47
37.27	992.47
37.28	992.48
37.29	992.48
37.30	992.48
37.32	992.48
37.33	992.49
37.34	992.49
37.35	992.49
37.36	992.49
37.38	992.50
37.39	992.50
37.40	992.50
37.41	992.50
37.42	992.51
37.44	992.51
37.45	992.51
37.46	992.51
37.47	992.52
37.48	992.52
37.50	992.52
37.51	992.52
37.52	992.52
37.53	992.53
37.54	992.53
37.56	992.53
37.57	992.53
37.58	992.54
37.59	992.54
37.60	992.54
37.62	992.54
37.63	992.55
37.64	992.55
37.65	992.55
37.66	992.55
37.68	992.56
37.69	992.56
37.70	992.56
37.71	992.56
37.72	992.57
37.74	992.57
37.75	992.57
37.76	992.57
37.77	992.57
37.78	992.58
37.80	992.58
37.81	992.58
37.82	992.58
37.83	992.59
37.84	992.59
37.86	992.59
37.87	992.59
37.88	992.60
37.89	992.60
37.90	992.60
37.92	992.60
37.93	992.61
37.94	992.61
37.95	992.61
37.96	992.61
37.98	992.61
37.99	992.62
38.00	992.62
38.01	992.62
38.02	992.62
38.04	992.63
38.05	992.63
38.06	992.63
38.07	992.63
38.08	992.64
38.10	992.64
38.11	992.64
38.12	992.64
38.13	992.64
38.14	992.65
38.16	992.65
38.17	992.65
38.18	992.65
38.19	992.66
38.20	992.66
38.22	992.66
38.23	992.66
38.24	992.67
38.25	992.67
38.26	992.67
38.28	992.67
38.29	992.67
38.30	992.68
38.31	992.68
38.32	992.68
38.34	992.68
38.35	992.69
38.36	992.69
38.37	992.69
38.38	992.69
38.40	992.70
38.41	992.70
38.42	992.70
38.43	992.70
38.44	992.70
38.46	992.71
38.47	992.71
38.48	992.71
38.49	992.71
38.50	992.72
38.52	992.72
38.53	992.72
38.54	992.72
38.55	992.73
38.56	992.73
38.58	992.73
38.59	992.73
38.60	992.73
38.61	992.74
38.62	992.74
38.64	992.74
38.65	992.74
38.66	992.75
38.67	992.75
38.68	992.75
38.70	992.75
38.71	992.75
38.72	992.76
38.73	992.76
38.74	992.76
38.76	992.76
38.77	992.77
38.78	992.77
38.79	992.77
38.80	992.77
38.82	992.77
38.83	992.78
38.84	992.78
38.85	992.78
38.86	992.78
38.88	992.79
38.89	992.79
38.90	992.79
38.91	992.79
38.92	992.79
38.94	992.80
38.95	992.80
38.96	992.80
38.97	992.80
38.98	992.81
39.00	992.81
39.01	992.81
39.02	992.81
39.03	992.81
39.04	992.82
39.06	992.82
39.07	992.82
39.08	992.82
39.09	992.83
39.10	992.83
39.12	992.83
39.13	992.83
39.14	992.83
39.15	992.84
39.16	992.84
39.18	992.84
39.19	992.84
39.20	992.85
39.21	992.85
39.22	992.85
39.24	992.85
39.25	992.85
39.26	992.86
39.27	992.86
39.28	992.86
39.30	992.86
39.31	992.87
39.32	992.87
39.33	992.87
39.34	992.87
39.36	992.87
39.37	992.88
39.38	992.88
39.39	992.88
39.40	992.88
39.42	992.88
39.43	992.89
39.44	992.89
39.45	992.89
39.46	992.89
39.48	992.90
39.49	992.90
39.50	992.90
39.51	992.90
39.52	992.90
39.54	992.91
39.55	992.91
39.56	992.91
39.57	992.91
39.58	992.91
39.60	992.92
39.61	992.92
39.62	992.92
39.63	992.92
39.64	992.93
39.66	992.93
39.67	992.93
39.68	992.93
39.69	992.93
39.70	992.94
39.72	992.94
39.73	992.94
39.74	992.94
39.75	992.94
39.76	992.95
39.78	992.95
39.79	992.95
39.80	992.95
39.81	992.96
39.82	992.96
39.84	992.96
39.85	992.96
39.86	992.96
39.87	992.97
39.88	992.97
39.90	992.97
39.91	992.97
39.92	992.97
39.93	992.98
39.94	992.98
39.96	992.98
39.97	992.98
39.98	992.99
39.99	992.99
40.00	992.99
40.02	992.99
40.03	992.99
40.04	993.00
40.05	993.00
40.06	993.00
40.08	993.00
40.09	993.00
40.10	993.01
40.11	993.01
40.12	993.01
40.14	993.01
40.15	993.01
40.16	993.02
40.17	993.02
40.18	993.02
40.20	993.02
40.21	993.02
40.22	993.03
40.23	993.03
40.24	993.03
40.26	993.03
40.27	993.04
40.28	993.04
40.29	993.04
40.30	993.04
40.32	993.04
40.33	993.05
40.34	993.05
40.35	993.05
40.36	993.05
40.38	993.05
40.39	993.06
40.40	993.06
40.41	993.06
40.42	993.06
40.44	993.06
40.45	993.07
40.46	993.07
40.47	993.07
40.48	993.07
40.50	993.07
40.51	993.08
40.52	993.08
40.53	993.08
40.54	993.08
40.56	993.08
40.57	993.09
40.58	993.09
40.59	993.09
40.60	993.09
40.62	993.10
40.63	993.10
40.64	993.10
40.65	993.10
40.66	993.10
40.68	993.11
40.69	993.11
40.70	993.11
40.71	993.11
40.72	993.11
40.74	993.12
40.75	993.12
40.76	993.12
40.77	993.12
40.78	993.12
40.80	993.13
40.81	993.13
40.82	993.13
40.83	993.13
40.84	993.13
40.86	993.14
40.87	993.14
40.88	993.14
40.89	993.14
40.90	993.14
40.92	993.15
40.93	993.15
40.94	993.15
40.95	993.15
40.96	993.15
40.98	993.16
40.99	993.16
41.00	993.16
41.01	993.16
41.02	993.16
41.04	993.17
41.05	993.17
41.06	993.17
41.07	993.17
41.08	993.17
41.10	993.18
41.11	993.18
41.12	993.18
41.13	993.18
41.14	993.18
41.16	993.19
41.17	993.19
41.18	993.19
41.19	993.19
41.20	993.19
41.22	993.20
41.23	993.20
41.24	993.20
41.25	993.20
41.26	993.20
41.28	993.21
41.29	993.21
41.30	993.21
41.31	993.21
41.32	993.21
41.34	993.22
41.35	993.22
41.36	993.22
41.37	993.22
41.38	993.22
41.40	993.23
41.41	993.23
41.42	993.23
41.43	993.23
41.44	993.23
41.46	993.24
41.47	993.24
41.48	993.24
41.49	993.24
41.50	993.24
41.52	993.24
41.53	993.25
41.54	993.25
41.55	993.25
41.56	993.25
41.58	993.25
41.59	993.26
41.60	993.26
41.61	993.26
41.62	993.26
41.64	993.26
41.65	993.27
41.66	993.27
41.67	993.27
41.68	993.27
41.70	993.27
41.71	993.28
41.72	993.28
41.73	993.28
41.74	993.28
41.76	993.28
41.77	993.29
41.78	993.29
41.79	993.29
41.80	993.29
41.82	993.29
41.83	993.30
41.84	993.30
41.85	993.30
41.86	993.30
41.88	993.30
41.89	993.30
41.90	993.31
41.91	993.31
41.92	993.31
41.94	993.31
41.95	993.31
41.96	993.32
41.97	993.32
41.98	993.32
42.00	993.32
42.01	993.32
42.02	993.33
42.03	993.33
42.04	993.33
42.06	993.33
42.07	993.33
42.08	993.34
42.09	993.34
42.10	993.34
42.12	993.34
42.13	993.34
42.14	993.34
42.15	993.35
42.16	993.35
42.18	993.35
42.19	993.35
42.20	993.35
42.21	993.36
42.22	993.36
42.24	993.36
42.25	993.36
42.26	993.36
42.27	993.37
42.28	993.37
42.30	993.37
42.31	993.37
42.32	993.37
42.33	993.38
42.34	993.38
42.36	993.38
42.37	993.38
42.38	993.38
42.39	993.38
42.40	993.39
42.42	993.39
42.43	993.39
42.44	993.39
42.45	993.39
42.46	993.40
42.48	993.40
42.49	993.40
42.50	993.40
42.51	993.40
42.52	993.41
42.54	993.41
42.55	993.41
42.56	993.41
42.57	993.41
42.58	993.41
42.60	993.42
42.61	993.42
42.62	993.42
42.63	993.42
42.64	993.42
42.66	993.43
42.67	993.43
42.68	993.43
42.69	993.43
42.70	993.43
42.72	993.43
42.73	993.44
42.74	993.44
42.75	993.44
42.76	993.44
42.78	993.44
42.79	993.45
42.80	993.45
42.81	993.45
42.82	993.45
42.84	993.45
42.85	993.45
42.86	993.46
42.87	993.46
42.88	993.46
42.90	993.46
42.91	993.46
42.92	993.47
42.93	993.47
42.94	993.47
42.96	993.47
42.97	993.47
42.98	993.48
42.99	993.48
43.00	993.48
43.02	993.48
43.03	993.48
43.04	993.48
43.05	993.49
43.06	993.49
43.08	993.49
43.09	993.49
43.10	993.49
43.11	993.50
43.12	993.50
43.14	993.50
43.15	993.50
43.16	993.50
43.17	993.50
43.18	993.51
43.20	993.51
43.21	993.51
43.22	993.51
43.23	993.51
43.24	993.51
43.26	993.52
43.27	993.52
43.28	993.52
43.29	993.52
43.30	993.52
43.32	993.53
43.33	993.53
43.34	993.53
43.35	993.53
43.36	993.53
43.38	993.53
43.39	993.54
43.40	993.54
43.41	993.54
43.42	993.54
43.44	993.54
43.45	993.55
43.46	993.55
43.47	993.55
43.48	993.55
43.50	993.55
43.51	993.55
43.52	993.56
43.53	993.56
43.54	993.56
43.56	993.56
43.57	993.56
43.58	993.56
43.59	993.57
43.60	993.57
43.62	993.57
43.63	993.57
43.64	993.57
43.65	993.58
43.66	993.58
43.68	993.58
43.69	993.58
43.70	993.58
43.71	993.58
43.72	993.59
43.74	993.59
43.75	993.59
43.76	993.59
43.77	993.59
43.78	993.59
43.80	993.60
43.81	993.60
43.82	993.60
43.83	993.60
43.84	993.60
43.86	993.61
43.87	993.61
43.88	993.61
43.89	993.61
43.90	993.61
43.92	993.61
43.93	993.62
43.94	993.62
43.95	993.62
43.96	993.62
43.98	993.62
43.99	993.62
44.00	993.63
44.01	993.63
44.02	993.63
44.04	993.63
44.05	993.63
44.06	993.64
44.07	993.64
44.08	993.64
44.10	993.64
44.11	993.64
44.12	993.64
44.13	993.65
44.14	993.65
44.16	993.65
44.17	993.65
44.18	993.65
44.19	993.65
44.20	993.66
44.22	993.66
44.23	993.66
44.24	993.66
44.25	993.66
44.26	993.66
44.28	993.67
44.29	993.67
44.30	993.67
44.31	993.67
44.32	993.67
44.34	993.67
44.35	993.68
44.36	993.68
44.37	993.68
44.38	993.68
44.40	993.68
44.41	993.68
44.42	993.69
44.43	993.69
44.44	993.69
44.46	993.69
44.47	993.69
44.48	993.70
44.49	993.70
44.50	993.70
44.52	993.70
44.53	993.70
44.54	993.70
44.55	993.71
44.56	993.71
44.58	993.71
44.59	993.71
44.60	993.71
44.61	993.71
44.62	993.72
44.64	993.72
44.65	993.72
44.66	993.72
44.67	993.72
44.68	993.72
44.70	993.73
44.71	993.73
44.72	993.73
44.73	993.73
44.74	993.73
44.76	993.73
44.77	993.74
44.78	993.74
44.79	993.74
44.80	993.74
44.82	993.74
44.83	993.74
44.84	993.75
44.85	993.75
44.86	993.75
44.88	993.75
44.89	993.75
44.90	993.75
44.91	993.76
44.92	993.76
44.94	993.76
44.95	993.76
44.96	993.76
44.97	993.76
44.98	993.77
45.00	993.77
45.01	993.77
45.02	993.77
45.03	993.77
45.04	993.77
45.06	993.78
45.07	993.78
45.08	993.78
45.09	993.78
45.10	993.78
45.12	993.78
45.13	993.79
45.14	993.79
45.15	993.79
45.16	993.79
45.18	993.79
45.19	993.79
45.20	993.80
45.21	993.80
45.22	993.80
45.24	993.80
45.25	993.80
45.26	993.80
45.27	993.81
45.28	993.81
45.30	993.81
45.31	993.81
45.32	993.81
45.33	993.81
45.34	993.82
45.36	993.82
45.37	993.82
45.38	993.82
45.39	993.82
45.40	993.82
45.42	993.83
45.43	993.83
45.44	993.83
45.45	993.83
45.46	993.83
45.48	993.83
45.49	993.84
45.50	993.84
45.51	993.84
45.52	993.84
45.54	993.84
45.55	993.84
45.56	993.84
45.57	993.85
45.58	993.85
45.60	993.85
45.61	993.85
45.62	993.85
45.63	993.85
45.64	993.86
45.66	993.86
45.67	993.86
45.68	993.86
45.69	993.86
45.70	993.86
45.72	993.87
45.73	993.87
45.74	993.87
45.75	993.87
45.76	993.87
45.78	993.87
45.79	993.88
45.80	993.88
45.81	993.88
45.82	993.88
45.84	993.88
45.85	993.88
45.86	993.89
45.87	993.89
45.88	993.89
45.90	993.89
45.91	993.89
45.92	993.89
45.93	993.89
45.94	993.90
45.96	993.90
45.97	993.90
45.98	993.90
45.99	993.90
46.00	993.90
46.02	993.91
46.03	993.91
46.04	993.91
46.05	993.91
46.06	993.91
46.08	993.91
46.09	993.92
46.10	993.92
46.11	993.92
46.12	993.92
46.14	993.92
46.15	993.92
46.16	993.92
46.17	993.93
46.18	993.93
46.20	993.93
46.21	993.93
46.22	993.93
46.23	993.93
46.24	993.94
46.26	993.94
46.27	993.94
46.28	993.94
46.29	993.94
46.30	993.94
46.32	993.95
46.33	993.95
46.34	993.95
46.35	993.95
46.36	993.95
46.38	993.95
46.39	993.95
46.40	993.96
46.41	993.96
46.42	993.96
46.44	993.96
46.45	993.96
46.46	993.96
46.47	993.97
46.48	993.97
46.50	993.97
46.51	993.97
46.52	993.97
46.53	993.97
46.54	993.97
46.56	993.98
46.57	993.98
46.58	993.98
46.59	993.98
46.60	993.98
46.62	993.98
46.63	993.99
46.64	993.99
46.65	993.99
46.66	993.99
46.68	993.99
46.69	993.99
46.70	994.00
46.71	994.00
46.72	994.00
46.74	994.00
46.75	994.00
46.76	994.00
46.77	994.00
46.78	994.01
46.80	994.01
46.81	994.01
46.82	994.01
46.83	994.01
46.84	994.01
46.86	994.02
46.87	994.02
46.88	994.02
46.89	994.02
46.90	994.02
46.92	994.02
46.93	994.02
46.94	994.03
46.95	994.03
46.96	994.03
46.98	994.03
46.99	994.03
47.00	994.03
47.01	994.03
47.02	994.04
47.04	994.04
47.05	994.04
47.06	994.04
47.07	994.04
47.08	994.04
47.10	994.05
47.11	994.05
47.12	994.05
47.13	994.05
47.14	994.05
47.16	994.05
47.17	994.05
47.18	994.06
47.19	994.06
47.20	994.06
47.22	994.06
47.23	994.06
47.24	994.06
47.25	994.07
47.26	994.07
47.28	994.07
47.29	994.07
47.30	994.07
47.31	994.07
47.32	994.07
47.34	994.08
47.35	994.08
47.36	994.08
47.37	994.08
47.38	994.08
47.40	994.08
47.41	994.08
47.42	994.09
47.43	994.09
47.44	994.09
47.46	994.09
47.47	994.09
47.48	994.09
47.49	994.10
47.50	994.10
47.52	994.10
47.53	994.10
47.54	994.10
47.55	994.10
47.56	994.10
47.58	994.11
47.59	994.11
47.60	994.11
47.61	994.11
47.62	994.11
47.64	994.11
47.65	994.11
47.66	994.12
47.67	994.12
47.68	994.12
47.70	994.12
47.71	994.12
47.72	994.12
47.73	994.13
47.74	994.13
47.76	994.13
47.77	994.13
47.78	994.13
47.79	994.13
47.80	994.13
47.82	994.14
47.83	994.14
47.84	994.14
47.85	994.14
47.86	994.14
47.88	994.14
47.89	994.14
47.90	994.15
47.91	994.15
47.92	994.15
47.94	994.15
47.95	994.15
47.96	994.15
47.97	994.15
47.98	994.16
48.00	994.16
48.01	994.16
48.02	994.16
48.03	994.16
48.04	994.16
48.06	994.16
48.07	994.17
48.08	994.17
48.09	994.17
48.10	994.17
48.12	994.17
48.13	994.17
48.14	994.17
48.15	994.18
48.16	994.18
48.18	994.18
48.19	994.18
48.20	994.18
48.21	994.18
48.22	994.18
48.24	994.19
48.25	994.19
48.26	994.19
48.27	994.19
48.28	994.19
48.30	994.19
48.31	994.20
48.32	994.20
48.33	994.20
48.34	994.20
48.36	994.20
48.37	994.20
48.38	994.20
48.39	994.21
48.40	994.21
48.42	994.21
48.43	994.21
48.44	994.21
48.45	994.21
48.46	994.21
48.48	994.22
48.49	994.22
48.50	994.22
48.51	994.22
48.52	994.22
48.54	994.22
48.55	994.22
48.56	994.23
48.57	994.23
48.58	994.23
48.60	994.23
48.61	994.23
48.62	994.23
48.63	994.23
48.64	994.24
48.66	994.24
48.67	994.24
48.68	994.24
48.69	994.24
48.70	994.24
48.72	994.24
48.73	994.25
48.74	994.25
48.75	994.25
48.76	994.25
48.78	994.25
48.79	994.25
48.80	994.25
48.81	994.26
48.82	994.26
48.84	994.26
48.85	994.26
48.86	994.26
48.87	994.26
48.88	994.26
48.90	994.26
48.91	994.27
48.92	994.27
48.93	994.27
48.94	994.27
48.96	994.27
48.97	994.27
48.98	994.27
48.99	994.28
49.00	994.28
49.02	994.28
49.03	994.28
49.04	994.28
49.05	994.28
49.06	994.28
49.08	994.29
49.09	994.29
49.10	994.29
49.11	994.29
49.12	994.29
49.14	994.29
49.15	994.29
49.16	994.30
49.17	994.30
49.18	994.30
49.20	994.30
49.21	994.30
49.22	994.30
49.23	994.30
49.24	994.31
49.26	994.31
49.27	994.31
49.28	994.31
49.29	994.31
49.30	994.31
49.32	994.31
49.33	994.32
49.34	994.32
49.35	994.32
49.36	994.32
49.38	994.32
49.39	994.32
49.40	994.32
49.41	994.32
49.42	994.33
49.44	994.33
49.45	994.33
49.46	994.33
49.47	994.33
49.48	994.33
49.50	994.33
49.51	994.34
49.52	994.34
49.53	994.34
49.54	994.34
49.56	994.34
49.57	994.34
49.58	994.34
49.59	994.35
49.60	994.35
49.62	994.35
49.63	994.35
49.64	994.35
49.65	994.35
49.66	994.35
49.68	994.36
49.69	994.36
49.70	994.36
49.71	994.36
49.72	994.36
49.74	994.36
49.75	994.36
49.76	994.36
49.77	994.37
49.78	994.37
49.80	994.37
49.81	994.37
49.82	994.37
49.83	994.37
49.84	994.37
49.86	994.38
49.87	994.38
49.88	994.38
49.89	994.38
49.90	994.38
49.92	994.38
49.93	994.38
49.94	994.38
49.95	994.39
49.96	994.39
49.98	994.39
49.99	994.39
50.00	994.39
