2.910368	0.448000
2.910368	0.873536
3.783904	0.448000
3.783904	0.873536
3.783904	1.097536
4.657440	0.448000
4.657440	0.873536
4.657440	0.496000
4.881440	0.849536
4.881440	1.073536
5.530976	0.448000
5.530976	0.873536
5.530976	0.496000
5.730976	0.849536
5.730976	0.472000
5.730976	0.897536
5.954976	0.448000
5.954976	0.873536
6.404512	0.448000
6.404512	0.873536
6.404512	0.496000
6.580512	0.849536
6.580512	0.472000
6.580512	0.897536
6.628512	0.472000
6.628512	0.897536
6.628512	0.520000
6.828512	0.849536
6.828512	0.472000
6.828512	0.897536
7.278048	0.448000
7.278048	0.873536
7.278048	0.496000
7.430048	0.849536
7.430048	0.472000
7.430048	0.897536
7.478048	0.472000
7.478048	0.897536
7.478048	0.520000
7.526048	0.897536
7.526048	1.121536
8.423584	0.448000
8.423584	0.873536
8.647584	0.448000
8.647584	0.873536
9.297120	0.448000
9.297120	0.873536
9.297120	0.496000
9.521120	0.849536
9.521120	0.472000
9.521120	0.897536
10.170656	0.448000
10.170656	0.873536
10.170656	0.496000
10.370656	0.849536
10.370656	0.472000
10.370656	0.897536
10.418656	0.472000
10.418656	0.897536
10.418656	1.121536
11.044192	0.448000
11.044192	0.873536
11.044192	0.496000
11.220192	0.472000
11.268192	0.472000
11.268192	0.520000
11.316192	0.520000
11.540192	0.448000
